
SUMMARISING RUN PARAMETERS
==========================
Input filename: /home/george_a/Documentos/Mtb_UAM_unizar/Analysis/Outputs/2_Reports/raw_fastqc/ANLCFA_F2C12R_1.fastq.gz
Trimming mode: paired-end
Trim Galore version: 0.6.7
Cutadapt version: 3.5
Python version: 3.10.6
Number of cores used for trimming: 7
Quality Phred score cutoff: 20
Quality encoding type selected: ASCII+33
Using Illumina adapter for trimming (count: 200892). Second best hit was smallRNA (count: 3)
Adapter sequence: 'AGATCGGAAGAGC' (Illumina TruSeq, Sanger iPCR; auto-detected)
Maximum trimming error rate: 0.1 (default)
Minimum required adapter overlap (stringency): 5 bp
Minimum required sequence length for both reads before a sequence pair gets removed: 20 bp
Removing Ns from the start and end of reads
Running FastQC on the data once trimming has completed
Output file will be GZIP compressed


This is cutadapt 3.5 with Python 3.10.6
Command line parameters: -j 7 -e 0.1 -q 20 -O 5 --trim-n -a AGATCGGAAGAGC /home/george_a/Documentos/Mtb_UAM_unizar/Analysis/Outputs/2_Reports/raw_fastqc/ANLCFA_F2C12R_1.fastq.gz
Processing reads on 7 cores in single-end mode ...
Finished in 68.12 s (3 µs/read; 21.41 M reads/minute).

=== Summary ===

Total reads processed:              24,303,939
Reads with adapters:                 6,567,376 (27.0%)
Reads written (passing filters):    24,303,939 (100.0%)

Total basepairs processed: 3,669,894,789 bp
Quality-trimmed:               4,060,421 bp (0.1%)
Total written (filtered):  3,486,873,295 bp (95.0%)

=== Adapter 1 ===

Sequence: AGATCGGAAGAGC; Type: regular 3'; Length: 13; Trimmed: 6567376 times

Minimum overlap: 5
No. of allowed errors:
1-9 bp: 0; 10-13 bp: 1

Bases preceding removed adapters:
  A: 9.7%
  C: 44.5%
  G: 35.8%
  T: 9.9%
  none/other: 0.0%

Overview of removed sequences
length	count	expect	max.err	error counts
5	180300	23734.3	0	180300
6	190768	5933.6	0	190768
7	166754	1483.4	0	166754
8	200179	370.8	0	200179
9	155752	92.7	0	154501 1251
10	163920	23.2	1	157523 6397
11	173337	5.8	1	163312 10025
12	178605	1.4	1	169989 8616
13	193191	0.4	1	182827 10364
14	160021	0.4	1	150340 9681
15	165863	0.4	1	156610 9253
16	147037	0.4	1	138285 8752
17	158079	0.4	1	147175 10904
18	160223	0.4	1	152433 7790
19	127084	0.4	1	120326 6758
20	138836	0.4	1	130782 8054
21	146723	0.4	1	138566 8157
22	161058	0.4	1	152789 8269
23	158098	0.4	1	149738 8360
24	146152	0.4	1	136458 9694
25	138705	0.4	1	131385 7320
26	126561	0.4	1	120365 6196
27	124079	0.4	1	117262 6817
28	131025	0.4	1	124270 6755
29	137126	0.4	1	129304 7822
30	123372	0.4	1	117315 6057
31	119884	0.4	1	113846 6038
32	129090	0.4	1	122875 6215
33	138272	0.4	1	131164 7108
34	120202	0.4	1	114068 6134
35	118966	0.4	1	112674 6292
36	135974	0.4	1	128898 7076
37	112953	0.4	1	107434 5519
38	120764	0.4	1	114436 6328
39	77779	0.4	1	73880 3899
40	85531	0.4	1	80878 4653
41	99477	0.4	1	94332 5145
42	74655	0.4	1	70804 3851
43	78753	0.4	1	74446 4307
44	71023	0.4	1	67025 3998
45	98761	0.4	1	95295 3466
46	30477	0.4	1	28254 2223
47	57548	0.4	1	54877 2671
48	75517	0.4	1	71936 3581
49	63622	0.4	1	60599 3023
50	63941	0.4	1	60817 3124
51	63757	0.4	1	60545 3212
52	49115	0.4	1	46799 2316
53	40053	0.4	1	38170 1883
54	43503	0.4	1	41150 2353
55	53979	0.4	1	51670 2309
56	40212	0.4	1	38090 2122
57	40970	0.4	1	39160 1810
58	40388	0.4	1	38741 1647
59	29880	0.4	1	28560 1320
60	19548	0.4	1	18739 809
61	13551	0.4	1	12666 885
62	32564	0.4	1	31324 1240
63	19311	0.4	1	18451 860
64	15618	0.4	1	14960 658
65	9896	0.4	1	9180 716
66	26222	0.4	1	25272 950
67	14196	0.4	1	13517 679
68	15967	0.4	1	15385 582
69	5761	0.4	1	5495 266
70	2258	0.4	1	2104 154
71	1696	0.4	1	1571 125
72	3352	0.4	1	3198 154
73	5364	0.4	1	5135 229
74	5619	0.4	1	5371 248
75	4758	0.4	1	4531 227
76	4330	0.4	1	4141 189
77	3797	0.4	1	3640 157
78	3744	0.4	1	3572 172
79	2986	0.4	1	2838 148
80	3139	0.4	1	3021 118
81	2714	0.4	1	2582 132
82	2457	0.4	1	2349 108
83	1817	0.4	1	1717 100
84	1535	0.4	1	1460 75
85	1257	0.4	1	1193 64
86	1203	0.4	1	1081 122
87	1217	0.4	1	1072 145
88	1170	0.4	1	983 187
89	1168	0.4	1	1017 151
90	891	0.4	1	827 64
91	750	0.4	1	689 61
92	585	0.4	1	539 46
93	608	0.4	1	529 79
94	568	0.4	1	494 74
95	561	0.4	1	441 120
96	688	0.4	1	431 257
97	436	0.4	1	399 37
98	465	0.4	1	319 146
99	361	0.4	1	276 85
100	297	0.4	1	258 39
101	359	0.4	1	243 116
102	228	0.4	1	214 14
103	264	0.4	1	212 52
104	246	0.4	1	197 49
105	225	0.4	1	198 27
106	195	0.4	1	161 34
107	206	0.4	1	158 48
108	126	0.4	1	103 23
109	118	0.4	1	102 16
110	111	0.4	1	102 9
111	95	0.4	1	85 10
112	97	0.4	1	85 12
113	104	0.4	1	86 18
114	105	0.4	1	94 11
115	69	0.4	1	64 5
116	72	0.4	1	60 12
117	100	0.4	1	61 39
118	68	0.4	1	54 14
119	86	0.4	1	50 36
120	60	0.4	1	48 12
121	44	0.4	1	39 5
122	72	0.4	1	27 45
123	61	0.4	1	37 24
124	39	0.4	1	26 13
125	20	0.4	1	13 7
126	23	0.4	1	19 4
127	32	0.4	1	18 14
128	61	0.4	1	25 36
129	50	0.4	1	12 38
130	82	0.4	1	18 64
131	114	0.4	1	8 106
132	117	0.4	1	10 107
133	94	0.4	1	15 79
134	58	0.4	1	9 49
135	38	0.4	1	6 32
136	20	0.4	1	6 14
137	28	0.4	1	10 18
138	46	0.4	1	5 41
139	53	0.4	1	4 49
140	109	0.4	1	2 107
141	63	0.4	1	4 59
142	157	0.4	1	4 153
143	174	0.4	1	0 174
144	332	0.4	1	1 331
145	23	0.4	1	0 23
146	42	0.4	1	0 42
147	17	0.4	1	0 17
148	43	0.4	1	0 43
149	10	0.4	1	0 10
150	6	0.4	1	0 6
151	95	0.4	1	0 95

RUN STATISTICS FOR INPUT FILE: /home/george_a/Documentos/Mtb_UAM_unizar/Analysis/Outputs/2_Reports/raw_fastqc/ANLCFA_F2C12R_1.fastq.gz
=============================================
24303939 sequences processed in total

