
SUMMARISING RUN PARAMETERS
==========================
Input filename: /home/george_a/Documentos/Mtb_UAM_unizar/Analysis/Outputs/2_Reports/raw_fastqc/ANLCFA_F1C12R_1.fastq.gz
Trimming mode: paired-end
Trim Galore version: 0.6.7
Cutadapt version: 3.5
Python version: 3.10.6
Number of cores used for trimming: 7
Quality Phred score cutoff: 20
Quality encoding type selected: ASCII+33
Using Illumina adapter for trimming (count: 186332). Second best hit was smallRNA (count: 8)
Adapter sequence: 'AGATCGGAAGAGC' (Illumina TruSeq, Sanger iPCR; auto-detected)
Maximum trimming error rate: 0.1 (default)
Minimum required adapter overlap (stringency): 5 bp
Minimum required sequence length for both reads before a sequence pair gets removed: 20 bp
Removing Ns from the start and end of reads
Running FastQC on the data once trimming has completed
Output file will be GZIP compressed


This is cutadapt 3.5 with Python 3.10.6
Command line parameters: -j 7 -e 0.1 -q 20 -O 5 --trim-n -a AGATCGGAAGAGC /home/george_a/Documentos/Mtb_UAM_unizar/Analysis/Outputs/2_Reports/raw_fastqc/ANLCFA_F1C12R_1.fastq.gz
Processing reads on 7 cores in single-end mode ...
Finished in 73.11 s (3 µs/read; 21.51 M reads/minute).

=== Summary ===

Total reads processed:              26,205,177
Reads with adapters:                 6,673,692 (25.5%)
Reads written (passing filters):    26,205,177 (100.0%)

Total basepairs processed: 3,956,981,727 bp
Quality-trimmed:               4,361,486 bp (0.1%)
Total written (filtered):  3,776,208,757 bp (95.4%)

=== Adapter 1 ===

Sequence: AGATCGGAAGAGC; Type: regular 3'; Length: 13; Trimmed: 6673692 times

Minimum overlap: 5
No. of allowed errors:
1-9 bp: 0; 10-13 bp: 1

Bases preceding removed adapters:
  A: 9.2%
  C: 45.4%
  G: 35.1%
  T: 10.3%
  none/other: 0.0%

Overview of removed sequences
length	count	expect	max.err	error counts
5	191065	25591.0	0	191065
6	200268	6397.7	0	200268
7	177326	1599.4	0	177326
8	207993	399.9	0	207993
9	169654	100.0	0	168493 1161
10	176183	25.0	1	168950 7233
11	184419	6.2	1	173857 10562
12	189344	1.6	1	180567 8777
13	210907	0.4	1	200480 10427
14	168820	0.4	1	158807 10013
15	173131	0.4	1	163886 9245
16	157663	0.4	1	148326 9337
17	168684	0.4	1	157125 11559
18	167330	0.4	1	159381 7949
19	133065	0.4	1	126395 6670
20	146737	0.4	1	138020 8717
21	153739	0.4	1	145086 8653
22	165238	0.4	1	156669 8569
23	161901	0.4	1	153328 8573
24	152686	0.4	1	142472 10214
25	143798	0.4	1	136404 7394
26	128260	0.4	1	122282 5978
27	127617	0.4	1	120788 6829
28	130596	0.4	1	123918 6678
29	144035	0.4	1	135716 8319
30	125779	0.4	1	120135 5644
31	117486	0.4	1	111992 5494
32	127903	0.4	1	121743 6160
33	136812	0.4	1	130121 6691
34	121244	0.4	1	114796 6448
35	126379	0.4	1	119650 6729
36	115711	0.4	1	110945 4766
37	125767	0.4	1	119155 6612
38	105906	0.4	1	101040 4866
39	105035	0.4	1	99857 5178
40	68152	0.4	1	64545 3607
41	88841	0.4	1	84580 4261
42	86987	0.4	1	82625 4362
43	75352	0.4	1	71421 3931
44	72891	0.4	1	68607 4284
45	109345	0.4	1	105306 4039
46	15599	0.4	1	14235 1364
47	49608	0.4	1	47273 2335
48	72912	0.4	1	69679 3233
49	65402	0.4	1	62343 3059
50	51509	0.4	1	49021 2488
51	60135	0.4	1	57008 3127
52	47809	0.4	1	45646 2163
53	37363	0.4	1	35564 1799
54	40679	0.4	1	38457 2222
55	48867	0.4	1	46625 2242
56	36757	0.4	1	35039 1718
57	36029	0.4	1	34365 1664
58	36746	0.4	1	35200 1546
59	27631	0.4	1	26332 1299
60	16758	0.4	1	16003 755
61	12629	0.4	1	11895 734
62	29537	0.4	1	28418 1119
63	16796	0.4	1	16029 767
64	13829	0.4	1	13202 627
65	8967	0.4	1	8439 528
66	23085	0.4	1	22189 896
67	12206	0.4	1	11655 551
68	13796	0.4	1	13269 527
69	5067	0.4	1	4809 258
70	1962	0.4	1	1797 165
71	1417	0.4	1	1313 104
72	2791	0.4	1	2657 134
73	4284	0.4	1	4108 176
74	4717	0.4	1	4465 252
75	4103	0.4	1	3877 226
76	3674	0.4	1	3514 160
77	3026	0.4	1	2863 163
78	2899	0.4	1	2745 154
79	2340	0.4	1	2188 152
80	2443	0.4	1	2315 128
81	2095	0.4	1	1982 113
82	1970	0.4	1	1857 113
83	1431	0.4	1	1353 78
84	1180	0.4	1	1115 65
85	895	0.4	1	833 62
86	893	0.4	1	773 120
87	944	0.4	1	794 150
88	860	0.4	1	692 168
89	897	0.4	1	756 141
90	652	0.4	1	570 82
91	543	0.4	1	468 75
92	499	0.4	1	436 63
93	391	0.4	1	316 75
94	432	0.4	1	341 91
95	421	0.4	1	307 114
96	559	0.4	1	306 253
97	354	0.4	1	296 58
98	387	0.4	1	258 129
99	290	0.4	1	198 92
100	183	0.4	1	141 42
101	252	0.4	1	135 117
102	165	0.4	1	142 23
103	198	0.4	1	134 64
104	196	0.4	1	134 62
105	149	0.4	1	115 34
106	121	0.4	1	96 25
107	165	0.4	1	96 69
108	85	0.4	1	64 21
109	75	0.4	1	55 20
110	108	0.4	1	71 37
111	71	0.4	1	59 12
112	65	0.4	1	57 8
113	66	0.4	1	44 22
114	58	0.4	1	52 6
115	54	0.4	1	43 11
116	50	0.4	1	44 6
117	119	0.4	1	53 66
118	44	0.4	1	30 14
119	55	0.4	1	23 32
120	39	0.4	1	26 13
121	25	0.4	1	17 8
122	76	0.4	1	21 55
123	64	0.4	1	28 36
124	51	0.4	1	21 30
125	30	0.4	1	8 22
126	22	0.4	1	11 11
127	42	0.4	1	20 22
128	60	0.4	1	13 47
129	79	0.4	1	12 67
130	76	0.4	1	15 61
131	113	0.4	1	7 106
132	122	0.4	1	19 103
133	90	0.4	1	5 85
134	72	0.4	1	14 58
135	30	0.4	1	8 22
136	26	0.4	1	13 13
137	37	0.4	1	10 27
138	80	0.4	1	8 72
139	52	0.4	1	8 44
140	71	0.4	1	7 64
141	71	0.4	1	2 69
142	182	0.4	1	4 178
143	190	0.4	1	1 189
144	335	0.4	1	1 334
145	29	0.4	1	0 29
146	42	0.4	1	0 42
147	17	0.4	1	0 17
148	56	0.4	1	0 56
149	22	0.4	1	1 21
150	7	0.4	1	0 7
151	91	0.4	1	0 91

RUN STATISTICS FOR INPUT FILE: /home/george_a/Documentos/Mtb_UAM_unizar/Analysis/Outputs/2_Reports/raw_fastqc/ANLCFA_F1C12R_1.fastq.gz
=============================================
26205177 sequences processed in total

