
SUMMARISING RUN PARAMETERS
==========================
Input filename: /home/george_a/Documentos/Mtb_UAM_unizar/Analysis/Outputs/2_Reports/raw_fastqc/19_10_ANmF2C8_1.fastq.gz
Trimming mode: paired-end
Trim Galore version: 0.6.7
Cutadapt version: 3.5
Python version: 3.10.6
Number of cores used for trimming: 7
Quality Phred score cutoff: 20
Quality encoding type selected: ASCII+33
Using Illumina adapter for trimming (count: 154788). Second best hit was smallRNA (count: 5)
Adapter sequence: 'AGATCGGAAGAGC' (Illumina TruSeq, Sanger iPCR; auto-detected)
Maximum trimming error rate: 0.1 (default)
Minimum required adapter overlap (stringency): 5 bp
Minimum required sequence length for both reads before a sequence pair gets removed: 20 bp
Removing Ns from the start and end of reads
Running FastQC on the data once trimming has completed
Output file will be GZIP compressed


This is cutadapt 3.5 with Python 3.10.6
Command line parameters: -j 7 -e 0.1 -q 20 -O 5 --trim-n -a AGATCGGAAGAGC /home/george_a/Documentos/Mtb_UAM_unizar/Analysis/Outputs/2_Reports/raw_fastqc/19_10_ANmF2C8_1.fastq.gz
Processing reads on 7 cores in single-end mode ...
Finished in 84.51 s (3 µs/read; 20.23 M reads/minute).

=== Summary ===

Total reads processed:              28,500,181
Reads with adapters:                 5,934,278 (20.8%)
Reads written (passing filters):    28,500,181 (100.0%)

Total basepairs processed: 4,303,527,331 bp
Quality-trimmed:               5,289,024 bp (0.1%)
Total written (filtered):  4,146,216,118 bp (96.3%)

=== Adapter 1 ===

Sequence: AGATCGGAAGAGC; Type: regular 3'; Length: 13; Trimmed: 5934278 times

Minimum overlap: 5
No. of allowed errors:
1-9 bp: 0; 10-13 bp: 1

Bases preceding removed adapters:
  A: 7.5%
  C: 42.4%
  G: 42.1%
  T: 8.0%
  none/other: 0.0%

Overview of removed sequences
length	count	expect	max.err	error counts
5	187228	27832.2	0	187228
6	191065	6958.1	0	191065
7	162094	1739.5	0	162094
8	195216	434.9	0	195216
9	167842	108.7	0	166602 1240
10	166900	27.2	1	163738 3162
11	178170	6.8	1	172424 5746
12	172726	1.7	1	168858 3868
13	186481	0.4	1	181916 4565
14	154081	0.4	1	148946 5135
15	157404	0.4	1	153146 4258
16	154352	0.4	1	149711 4641
17	154704	0.4	1	148938 5766
18	165525	0.4	1	162129 3396
19	114470	0.4	1	111749 2721
20	136093	0.4	1	132519 3574
21	135669	0.4	1	132180 3489
22	129866	0.4	1	127034 2832
23	159904	0.4	1	156013 3891
24	134046	0.4	1	129028 5018
25	133244	0.4	1	129809 3435
26	109194	0.4	1	106811 2383
27	115180	0.4	1	112265 2915
28	116260	0.4	1	113314 2946
29	118913	0.4	1	115191 3722
30	117743	0.4	1	115277 2466
31	101530	0.4	1	99403 2127
32	105045	0.4	1	102721 2324
33	112739	0.4	1	109817 2922
34	108693	0.4	1	105884 2809
35	96275	0.4	1	94594 1681
36	102383	0.4	1	99953 2430
37	93381	0.4	1	90449 2932
38	92394	0.4	1	90560 1834
39	83262	0.4	1	81432 1830
40	76630	0.4	1	74472 2158
41	81194	0.4	1	79439 1755
42	71074	0.4	1	68997 2077
43	67757	0.4	1	65785 1972
44	58502	0.4	1	57218 1284
45	92039	0.4	1	90393 1646
46	14340	0.4	1	13757 583
47	44675	0.4	1	43663 1012
48	74088	0.4	1	72489 1599
49	49706	0.4	1	48721 985
50	37068	0.4	1	36145 923
51	58400	0.4	1	57131 1269
52	33929	0.4	1	33246 683
53	25701	0.4	1	25061 640
54	33826	0.4	1	32955 871
55	53607	0.4	1	52754 853
56	25611	0.4	1	24992 619
57	27167	0.4	1	26757 410
58	21882	0.4	1	21461 421
59	26346	0.4	1	25837 509
60	7059	0.4	1	6876 183
61	6961	0.4	1	6751 210
62	25241	0.4	1	24834 407
63	10668	0.4	1	10481 187
64	7279	0.4	1	7086 193
65	8592	0.4	1	8380 212
66	16386	0.4	1	16122 264
67	5603	0.4	1	5458 145
68	9914	0.4	1	9736 178
69	5982	0.4	1	5851 131
70	3687	0.4	1	3567 120
71	687	0.4	1	611 76
72	1839	0.4	1	1780 59
73	3651	0.4	1	3586 65
74	3893	0.4	1	3805 88
75	3360	0.4	1	3288 72
76	3083	0.4	1	3020 63
77	2595	0.4	1	2520 75
78	2707	0.4	1	2627 80
79	2223	0.4	1	2163 60
80	1879	0.4	1	1805 74
81	1947	0.4	1	1873 74
82	1723	0.4	1	1633 90
83	1287	0.4	1	1237 50
84	1080	0.4	1	1038 42
85	756	0.4	1	725 31
86	811	0.4	1	765 46
87	724	0.4	1	671 53
88	735	0.4	1	658 77
89	812	0.4	1	749 63
90	592	0.4	1	541 51
91	471	0.4	1	439 32
92	422	0.4	1	390 32
93	380	0.4	1	314 66
94	400	0.4	1	276 124
95	272	0.4	1	244 28
96	393	0.4	1	246 147
97	250	0.4	1	196 54
98	229	0.4	1	160 69
99	239	0.4	1	196 43
100	200	0.4	1	180 20
101	251	0.4	1	177 74
102	159	0.4	1	128 31
103	146	0.4	1	107 39
104	176	0.4	1	118 58
105	100	0.4	1	71 29
106	129	0.4	1	77 52
107	139	0.4	1	86 53
108	112	0.4	1	72 40
109	78	0.4	1	63 15
110	112	0.4	1	77 35
111	78	0.4	1	70 8
112	92	0.4	1	70 22
113	65	0.4	1	49 16
114	71	0.4	1	61 10
115	57	0.4	1	37 20
116	48	0.4	1	37 11
117	61	0.4	1	39 22
118	47	0.4	1	38 9
119	46	0.4	1	36 10
120	56	0.4	1	39 17
121	38	0.4	1	25 13
122	64	0.4	1	32 32
123	48	0.4	1	32 16
124	64	0.4	1	44 20
125	61	0.4	1	33 28
126	19	0.4	1	13 6
127	49	0.4	1	33 16
128	34	0.4	1	19 15
129	46	0.4	1	28 18
130	39	0.4	1	13 26
131	55	0.4	1	30 25
132	86	0.4	1	30 56
133	67	0.4	1	19 48
134	47	0.4	1	18 29
135	32	0.4	1	15 17
136	39	0.4	1	30 9
137	32	0.4	1	15 17
138	39	0.4	1	23 16
139	24	0.4	1	12 12
140	48	0.4	1	9 39
141	43	0.4	1	9 34
142	68	0.4	1	5 63
143	106	0.4	1	4 102
144	255	0.4	1	4 251
145	17	0.4	1	1 16
146	113	0.4	1	3 110
147	11	0.4	1	3 8
148	47	0.4	1	2 45
149	17	0.4	1	2 15
150	3	0.4	1	0 3
151	18	0.4	1	0 18

RUN STATISTICS FOR INPUT FILE: /home/george_a/Documentos/Mtb_UAM_unizar/Analysis/Outputs/2_Reports/raw_fastqc/19_10_ANmF2C8_1.fastq.gz
=============================================
28500181 sequences processed in total

