
SUMMARISING RUN PARAMETERS
==========================
Input filename: /home/george_a/Documentos/Mtb_UAM_unizar/Analysis/Outputs/2_Reports/raw_fastqc/19_10_AN_F1C8_1.fastq.gz
Trimming mode: paired-end
Trim Galore version: 0.6.7
Cutadapt version: 3.5
Python version: 3.10.6
Number of cores used for trimming: 7
Quality Phred score cutoff: 20
Quality encoding type selected: ASCII+33
Using Illumina adapter for trimming (count: 139007). Second best hit was smallRNA (count: 13)
Adapter sequence: 'AGATCGGAAGAGC' (Illumina TruSeq, Sanger iPCR; auto-detected)
Maximum trimming error rate: 0.1 (default)
Minimum required adapter overlap (stringency): 5 bp
Minimum required sequence length for both reads before a sequence pair gets removed: 20 bp
Removing Ns from the start and end of reads
Running FastQC on the data once trimming has completed
Output file will be GZIP compressed


This is cutadapt 3.5 with Python 3.10.6
Command line parameters: -j 7 -e 0.1 -q 20 -O 5 --trim-n -a AGATCGGAAGAGC /home/george_a/Documentos/Mtb_UAM_unizar/Analysis/Outputs/2_Reports/raw_fastqc/19_10_AN_F1C8_1.fastq.gz
Processing reads on 7 cores in single-end mode ...
Finished in 88.13 s (3 µs/read; 20.25 M reads/minute).

=== Summary ===

Total reads processed:              29,750,787
Reads with adapters:                 5,731,488 (19.3%)
Reads written (passing filters):    29,750,787 (100.0%)

Total basepairs processed: 4,492,368,837 bp
Quality-trimmed:               7,364,683 bp (0.2%)
Total written (filtered):  4,345,380,870 bp (96.7%)

=== Adapter 1 ===

Sequence: AGATCGGAAGAGC; Type: regular 3'; Length: 13; Trimmed: 5731488 times

Minimum overlap: 5
No. of allowed errors:
1-9 bp: 0; 10-13 bp: 1

Bases preceding removed adapters:
  A: 6.6%
  C: 47.0%
  G: 38.1%
  T: 8.4%
  none/other: 0.0%

Overview of removed sequences
length	count	expect	max.err	error counts
5	192075	29053.5	0	192075
6	190211	7263.4	0	190211
7	169905	1815.8	0	169905
8	196995	454.0	0	196995
9	173499	113.5	0	172256 1243
10	170234	28.4	1	165554 4680
11	185094	7.1	1	177649 7445
12	179120	1.8	1	173441 5679
13	183283	0.4	1	177212 6071
14	160908	0.4	1	153938 6970
15	160546	0.4	1	154863 5683
16	158568	0.4	1	152133 6435
17	160969	0.4	1	153447 7522
18	159663	0.4	1	154692 4971
19	120120	0.4	1	115960 4160
20	135079	0.4	1	130218 4861
21	131385	0.4	1	126813 4572
22	132917	0.4	1	128519 4398
23	142709	0.4	1	137841 4868
24	129768	0.4	1	123452 6316
25	126842	0.4	1	122413 4429
26	107424	0.4	1	104017 3407
27	112687	0.4	1	108825 3862
28	109038	0.4	1	105196 3842
29	113638	0.4	1	109053 4585
30	112067	0.4	1	108844 3223
31	95586	0.4	1	92730 2856
32	98851	0.4	1	95728 3123
33	105285	0.4	1	101713 3572
34	95031	0.4	1	91973 3058
35	98888	0.4	1	95395 3493
36	102426	0.4	1	99040 3386
37	81162	0.4	1	78952 2210
38	86037	0.4	1	83208 2829
39	80932	0.4	1	77904 3028
40	70911	0.4	1	67543 3368
41	73406	0.4	1	71238 2168
42	63878	0.4	1	61503 2375
43	63858	0.4	1	61517 2341
44	55241	0.4	1	53148 2093
45	114203	0.4	1	111363 2840
46	15992	0.4	1	15037 955
47	35361	0.4	1	33199 2162
48	201101	0.4	1	197057 4044
49	55443	0.4	1	53737 1706
50	8372	0.4	1	7571 801
51	54278	0.4	1	52957 1321
52	24166	0.4	1	23519 647
53	4091	0.4	1	3785 306
54	17997	0.4	1	17400 597
55	29143	0.4	1	28505 638
56	5863	0.4	1	5620 243
57	3203	0.4	1	3077 126
58	1953	0.4	1	1826 127
59	6785	0.4	1	6593 192
60	795	0.4	1	737 58
61	1306	0.4	1	1181 125
62	12021	0.4	1	11816 205
63	1940	0.4	1	1851 89
64	1309	0.4	1	1241 68
65	2625	0.4	1	2511 114
66	6558	0.4	1	6397 161
67	780	0.4	1	716 64
68	2717	0.4	1	2619 98
69	2613	0.4	1	2533 80
70	2203	0.4	1	2113 90
71	305	0.4	1	249 56
72	574	0.4	1	534 40
73	1749	0.4	1	1683 66
74	2634	0.4	1	2535 99
75	2364	0.4	1	2282 82
76	2327	0.4	1	2259 68
77	2078	0.4	1	1987 91
78	1922	0.4	1	1851 71
79	1638	0.4	1	1568 70
80	1412	0.4	1	1350 62
81	1379	0.4	1	1321 58
82	1240	0.4	1	1192 48
83	967	0.4	1	930 37
84	794	0.4	1	760 34
85	628	0.4	1	583 45
86	593	0.4	1	527 66
87	635	0.4	1	537 98
88	641	0.4	1	514 127
89	597	0.4	1	496 101
90	491	0.4	1	402 89
91	407	0.4	1	369 38
92	326	0.4	1	281 45
93	353	0.4	1	245 108
94	293	0.4	1	240 53
95	306	0.4	1	183 123
96	457	0.4	1	196 261
97	207	0.4	1	182 25
98	299	0.4	1	154 145
99	252	0.4	1	171 81
100	169	0.4	1	132 37
101	247	0.4	1	136 111
102	156	0.4	1	122 34
103	161	0.4	1	95 66
104	128	0.4	1	75 53
105	99	0.4	1	77 22
106	110	0.4	1	92 18
107	111	0.4	1	82 29
108	92	0.4	1	68 24
109	111	0.4	1	96 15
110	86	0.4	1	69 17
111	75	0.4	1	64 11
112	92	0.4	1	76 16
113	77	0.4	1	59 18
114	82	0.4	1	71 11
115	55	0.4	1	47 8
116	73	0.4	1	65 8
117	71	0.4	1	45 26
118	60	0.4	1	50 10
119	72	0.4	1	42 30
120	43	0.4	1	33 10
121	39	0.4	1	35 4
122	89	0.4	1	39 50
123	95	0.4	1	43 52
124	62	0.4	1	39 23
125	50	0.4	1	47 3
126	50	0.4	1	31 19
127	44	0.4	1	32 12
128	70	0.4	1	35 35
129	72	0.4	1	29 43
130	66	0.4	1	32 34
131	82	0.4	1	32 50
132	136	0.4	1	49 87
133	102	0.4	1	33 69
134	68	0.4	1	29 39
135	55	0.4	1	34 21
136	41	0.4	1	32 9
137	54	0.4	1	26 28
138	92	0.4	1	50 42
139	36	0.4	1	15 21
140	43	0.4	1	6 37
141	65	0.4	1	8 57
142	141	0.4	1	16 125
143	232	0.4	1	6 226
144	321	0.4	1	3 318
145	21	0.4	1	0 21
146	58	0.4	1	8 50
147	27	0.4	1	1 26
148	101	0.4	1	8 93
149	33	0.4	1	4 29
150	7	0.4	1	0 7
151	44	0.4	1	2 42

RUN STATISTICS FOR INPUT FILE: /home/george_a/Documentos/Mtb_UAM_unizar/Analysis/Outputs/2_Reports/raw_fastqc/19_10_AN_F1C8_1.fastq.gz
=============================================
29750787 sequences processed in total

