
SUMMARISING RUN PARAMETERS
==========================
Input filename: /home/george_a/Documentos/Mtb_UAM_unizar/Analysis/Outputs/2_Reports/raw_fastqc/18_03_AN_F1C8r_1.fastq.gz
Trimming mode: paired-end
Trim Galore version: 0.6.7
Cutadapt version: 3.5
Python version: 3.10.6
Number of cores used for trimming: 7
Quality Phred score cutoff: 20
Quality encoding type selected: ASCII+33
Using Illumina adapter for trimming (count: 253241). Second best hit was smallRNA (count: 35)
Adapter sequence: 'AGATCGGAAGAGC' (Illumina TruSeq, Sanger iPCR; auto-detected)
Maximum trimming error rate: 0.1 (default)
Minimum required adapter overlap (stringency): 5 bp
Minimum required sequence length for both reads before a sequence pair gets removed: 20 bp
Removing Ns from the start and end of reads
Running FastQC on the data once trimming has completed
Output file will be GZIP compressed


This is cutadapt 3.5 with Python 3.10.6
Command line parameters: -j 7 -e 0.1 -q 20 -O 5 --trim-n -a AGATCGGAAGAGC /home/george_a/Documentos/Mtb_UAM_unizar/Analysis/Outputs/2_Reports/raw_fastqc/18_03_AN_F1C8r_1.fastq.gz
Processing reads on 7 cores in single-end mode ...
Finished in 82.79 s (3 µs/read; 21.57 M reads/minute).

=== Summary ===

Total reads processed:              29,762,498
Reads with adapters:                 9,893,884 (33.2%)
Reads written (passing filters):    29,762,498 (100.0%)

Total basepairs processed: 4,494,137,198 bp
Quality-trimmed:               4,364,129 bp (0.1%)
Total written (filtered):  4,224,377,605 bp (94.0%)

=== Adapter 1 ===

Sequence: AGATCGGAAGAGC; Type: regular 3'; Length: 13; Trimmed: 9893884 times

Minimum overlap: 5
No. of allowed errors:
1-9 bp: 0; 10-13 bp: 1

Bases preceding removed adapters:
  A: 7.5%
  C: 46.4%
  G: 38.1%
  T: 8.0%
  none/other: 0.0%

Overview of removed sequences
length	count	expect	max.err	error counts
5	257913	29064.9	0	257913
6	262333	7266.2	0	262333
7	234121	1816.6	0	234121
8	284289	454.1	0	284289
9	241095	113.5	0	240253 842
10	257083	28.4	1	252302 4781
11	262954	7.1	1	256426 6528
12	259153	1.8	1	253307 5846
13	314967	0.4	1	308156 6811
14	251001	0.4	1	244458 6543
15	266914	0.4	1	260170 6744
16	247196	0.4	1	241269 5927
17	245662	0.4	1	237569 8093
18	259366	0.4	1	253521 5845
19	201946	0.4	1	197842 4104
20	220518	0.4	1	215538 4980
21	221600	0.4	1	216590 5010
22	219289	0.4	1	214515 4774
23	256592	0.4	1	251155 5437
24	223535	0.4	1	216249 7286
25	213997	0.4	1	209066 4931
26	186600	0.4	1	183082 3518
27	192189	0.4	1	187791 4398
28	211325	0.4	1	206549 4776
29	219998	0.4	1	214577 5421
30	210030	0.4	1	205973 4057
31	195209	0.4	1	191483 3726
32	190648	0.4	1	186675 3973
33	193230	0.4	1	189125 4105
34	177467	0.4	1	173147 4320
35	177616	0.4	1	174460 3156
36	169556	0.4	1	165916 3640
37	167683	0.4	1	164319 3364
38	192294	0.4	1	188195 4099
39	162735	0.4	1	159226 3509
40	156344	0.4	1	153254 3090
41	143235	0.4	1	140152 3083
42	130969	0.4	1	128187 2782
43	133440	0.4	1	130328 3112
44	107896	0.4	1	105152 2744
45	177999	0.4	1	175655 2344
46	19847	0.4	1	18908 939
47	61587	0.4	1	60346 1241
48	138622	0.4	1	136147 2475
49	88853	0.4	1	87342 1511
50	49601	0.4	1	48406 1195
51	100395	0.4	1	98561 1834
52	72001	0.4	1	70625 1376
53	42338	0.4	1	41549 789
54	52596	0.4	1	51386 1210
55	108883	0.4	1	107368 1515
56	46727	0.4	1	45734 993
57	47631	0.4	1	46808 823
58	39345	0.4	1	38659 686
59	44596	0.4	1	43904 692
60	12275	0.4	1	12026 249
61	9004	0.4	1	8672 332
62	48627	0.4	1	47939 688
63	18752	0.4	1	18408 344
64	11083	0.4	1	10850 233
65	11362	0.4	1	11047 315
66	35234	0.4	1	34728 506
67	8616	0.4	1	8356 260
68	17572	0.4	1	17317 255
69	8591	0.4	1	8398 193
70	3331	0.4	1	3232 99
71	2056	0.4	1	1988 68
72	4427	0.4	1	4336 91
73	7485	0.4	1	7352 133
74	7896	0.4	1	7741 155
75	6065	0.4	1	5950 115
76	6035	0.4	1	5926 109
77	5002	0.4	1	4881 121
78	5098	0.4	1	4975 123
79	4564	0.4	1	4467 97
80	3780	0.4	1	3672 108
81	3741	0.4	1	3663 78
82	3549	0.4	1	3475 74
83	2891	0.4	1	2831 60
84	2474	0.4	1	2424 50
85	1818	0.4	1	1772 46
86	1962	0.4	1	1914 48
87	1895	0.4	1	1845 50
88	1955	0.4	1	1852 103
89	2190	0.4	1	2094 96
90	1667	0.4	1	1574 93
91	1428	0.4	1	1379 49
92	1272	0.4	1	1239 33
93	1315	0.4	1	1221 94
94	1300	0.4	1	1254 46
95	1241	0.4	1	1157 84
96	1135	0.4	1	948 187
97	1186	0.4	1	1148 38
98	944	0.4	1	807 137
99	796	0.4	1	735 61
100	645	0.4	1	625 20
101	785	0.4	1	655 130
102	606	0.4	1	563 43
103	626	0.4	1	569 57
104	642	0.4	1	618 24
105	633	0.4	1	596 37
106	536	0.4	1	510 26
107	664	0.4	1	638 26
108	459	0.4	1	440 19
109	353	0.4	1	324 29
110	344	0.4	1	326 18
111	338	0.4	1	323 15
112	289	0.4	1	276 13
113	262	0.4	1	244 18
114	343	0.4	1	324 19
115	253	0.4	1	242 11
116	259	0.4	1	237 22
117	282	0.4	1	268 14
118	218	0.4	1	209 9
119	188	0.4	1	174 14
120	182	0.4	1	172 10
121	153	0.4	1	138 15
122	163	0.4	1	125 38
123	117	0.4	1	83 34
124	120	0.4	1	108 12
125	102	0.4	1	90 12
126	88	0.4	1	83 5
127	125	0.4	1	115 10
128	73	0.4	1	59 14
129	80	0.4	1	66 14
130	82	0.4	1	61 21
131	102	0.4	1	50 52
132	113	0.4	1	39 74
133	74	0.4	1	32 42
134	98	0.4	1	28 70
135	35	0.4	1	14 21
136	49	0.4	1	33 16
137	31	0.4	1	15 16
138	31	0.4	1	14 17
139	34	0.4	1	17 17
140	23	0.4	1	7 16
141	14	0.4	1	2 12
142	47	0.4	1	14 33
143	84	0.4	1	2 82
144	212	0.4	1	0 212
145	20	0.4	1	1 19
146	47	0.4	1	0 47
147	27	0.4	1	1 26
148	122	0.4	1	3 119
149	37	0.4	1	0 37
150	15	0.4	1	0 15
151	36	0.4	1	0 36

RUN STATISTICS FOR INPUT FILE: /home/george_a/Documentos/Mtb_UAM_unizar/Analysis/Outputs/2_Reports/raw_fastqc/18_03_AN_F1C8r_1.fastq.gz
=============================================
29762498 sequences processed in total

