
SUMMARISING RUN PARAMETERS
==========================
Input filename: /home/george_a/Documentos/Mtb_UAM_unizar/Analysis/Outputs/2_Reports/raw_fastqc/29_11_AN_F1C15_1.fastq.gz
Trimming mode: paired-end
Trim Galore version: 0.6.7
Cutadapt version: 3.5
Python version: 3.10.6
Number of cores used for trimming: 7
Quality Phred score cutoff: 20
Quality encoding type selected: ASCII+33
Using Illumina adapter for trimming (count: 271520). Second best hit was smallRNA (count: 1)
Adapter sequence: 'AGATCGGAAGAGC' (Illumina TruSeq, Sanger iPCR; auto-detected)
Maximum trimming error rate: 0.1 (default)
Minimum required adapter overlap (stringency): 5 bp
Minimum required sequence length for both reads before a sequence pair gets removed: 20 bp
Removing Ns from the start and end of reads
Running FastQC on the data once trimming has completed
Output file will be GZIP compressed


This is cutadapt 3.5 with Python 3.10.6
Command line parameters: -j 7 -e 0.1 -q 20 -O 5 --trim-n -a AGATCGGAAGAGC /home/george_a/Documentos/Mtb_UAM_unizar/Analysis/Outputs/2_Reports/raw_fastqc/29_11_AN_F1C15_1.fastq.gz
Processing reads on 7 cores in single-end mode ...
Finished in 60.90 s (3 µs/read; 22.85 M reads/minute).

=== Summary ===

Total reads processed:              23,189,344
Reads with adapters:                 7,804,621 (33.7%)
Reads written (passing filters):    23,189,344 (100.0%)

Total basepairs processed: 3,501,590,944 bp
Quality-trimmed:               1,632,214 bp (0.0%)
Total written (filtered):  3,268,343,026 bp (93.3%)

=== Adapter 1 ===

Sequence: AGATCGGAAGAGC; Type: regular 3'; Length: 13; Trimmed: 7804621 times

Minimum overlap: 5
No. of allowed errors:
1-9 bp: 0; 10-13 bp: 1

Bases preceding removed adapters:
  A: 9.6%
  C: 46.4%
  G: 35.0%
  T: 9.0%
  none/other: 0.0%

Overview of removed sequences
length	count	expect	max.err	error counts
5	182969	22645.8	0	182969
6	197318	5661.5	0	197318
7	161949	1415.4	0	161949
8	191107	353.8	0	191107
9	159672	88.5	0	159086 586
10	168008	22.1	1	164812 3196
11	167313	5.5	1	163012 4301
12	167185	1.4	1	163424 3761
13	182088	0.3	1	177681 4407
14	142391	0.3	1	138426 3965
15	153374	0.3	1	149637 3737
16	137013	0.3	1	133207 3806
17	148551	0.3	1	144187 4364
18	156803	0.3	1	153022 3781
19	138476	0.3	1	135078 3398
20	147707	0.3	1	143957 3750
21	150396	0.3	1	146591 3805
22	191932	0.3	1	187285 4647
23	171573	0.3	1	167367 4206
24	157111	0.3	1	152767 4344
25	162145	0.3	1	158270 3875
26	181653	0.3	1	177577 4076
27	137719	0.3	1	134311 3408
28	165159	0.3	1	161305 3854
29	197772	0.3	1	192921 4851
30	156519	0.3	1	152867 3652
31	172371	0.3	1	168463 3908
32	166478	0.3	1	162527 3951
33	181574	0.3	1	177399 4175
34	160072	0.3	1	156317 3755
35	159746	0.3	1	155920 3826
36	192517	0.3	1	187957 4560
37	171797	0.3	1	167981 3816
38	143553	0.3	1	140232 3321
39	113748	0.3	1	110901 2847
40	111608	0.3	1	108982 2626
41	114087	0.3	1	111266 2821
42	115094	0.3	1	112483 2611
43	103285	0.3	1	100563 2722
44	92416	0.3	1	89841 2575
45	144606	0.3	1	142372 2234
46	26532	0.3	1	25058 1474
47	87056	0.3	1	85386 1670
48	118924	0.3	1	116408 2516
49	107802	0.3	1	105455 2347
50	107730	0.3	1	105367 2363
51	93743	0.3	1	91511 2232
52	83668	0.3	1	81875 1793
53	59883	0.3	1	58520 1363
54	63344	0.3	1	61841 1503
55	68798	0.3	1	67260 1538
56	67452	0.3	1	65960 1492
57	61100	0.3	1	59688 1412
58	55678	0.3	1	54473 1205
59	42965	0.3	1	42028 937
60	34473	0.3	1	33718 755
61	27446	0.3	1	26762 684
62	43090	0.3	1	42274 816
63	27602	0.3	1	26958 644
64	22651	0.3	1	22197 454
65	14023	0.3	1	13572 451
66	27136	0.3	1	26565 571
67	24194	0.3	1	23599 595
68	26549	0.3	1	26051 498
69	10546	0.3	1	10276 270
70	5050	0.3	1	4920 130
71	2162	0.3	1	2097 65
72	3711	0.3	1	3599 112
73	7316	0.3	1	7174 142
74	7994	0.3	1	7783 211
75	7018	0.3	1	6857 161
76	5942	0.3	1	5783 159
77	4931	0.3	1	4822 109
78	4713	0.3	1	4598 115
79	3597	0.3	1	3487 110
80	3649	0.3	1	3570 79
81	3619	0.3	1	3533 86
82	2773	0.3	1	2707 66
83	1937	0.3	1	1880 57
84	1627	0.3	1	1572 55
85	1358	0.3	1	1311 47
86	1368	0.3	1	1302 66
87	1414	0.3	1	1344 70
88	1243	0.3	1	1158 85
89	1250	0.3	1	1174 76
90	1014	0.3	1	963 51
91	937	0.3	1	898 39
92	822	0.3	1	786 36
93	800	0.3	1	764 36
94	679	0.3	1	647 32
95	661	0.3	1	631 30
96	712	0.3	1	670 42
97	494	0.3	1	463 31
98	440	0.3	1	415 25
99	403	0.3	1	376 27
100	296	0.3	1	272 24
101	394	0.3	1	352 42
102	296	0.3	1	283 13
103	311	0.3	1	296 15
104	290	0.3	1	260 30
105	244	0.3	1	226 18
106	216	0.3	1	199 17
107	197	0.3	1	177 20
108	174	0.3	1	158 16
109	211	0.3	1	199 12
110	242	0.3	1	223 19
111	233	0.3	1	225 8
112	150	0.3	1	139 11
113	138	0.3	1	130 8
114	150	0.3	1	142 8
115	130	0.3	1	120 10
116	117	0.3	1	105 12
117	86	0.3	1	82 4
118	101	0.3	1	84 17
119	103	0.3	1	94 9
120	96	0.3	1	91 5
121	58	0.3	1	55 3
122	61	0.3	1	48 13
123	101	0.3	1	97 4
124	62	0.3	1	54 8
125	43	0.3	1	38 5
126	52	0.3	1	45 7
127	54	0.3	1	44 10
128	47	0.3	1	36 11
129	50	0.3	1	35 15
130	54	0.3	1	40 14
131	62	0.3	1	28 34
132	83	0.3	1	35 48
133	89	0.3	1	48 41
134	65	0.3	1	46 19
135	56	0.3	1	44 12
136	55	0.3	1	43 12
137	43	0.3	1	35 8
138	57	0.3	1	40 17
139	23	0.3	1	10 13
140	29	0.3	1	5 24
141	41	0.3	1	10 31
142	85	0.3	1	12 73
143	102	0.3	1	4 98
144	125	0.3	1	5 120
145	16	0.3	1	1 15
146	28	0.3	1	4 24
147	9	0.3	1	2 7
148	14	0.3	1	0 14
149	2	0.3	1	1 1
150	1	0.3	1	0 1
151	5	0.3	1	0 5

RUN STATISTICS FOR INPUT FILE: /home/george_a/Documentos/Mtb_UAM_unizar/Analysis/Outputs/2_Reports/raw_fastqc/29_11_AN_F1C15_1.fastq.gz
=============================================
23189344 sequences processed in total

