
SUMMARISING RUN PARAMETERS
==========================
Input filename: /home/george_a/Documentos/Mtb_UAM_unizar/Analysis/Outputs/2_Reports/raw_fastqc/19_4_MMmANmF1C5_1.fastq.gz
Trimming mode: paired-end
Trim Galore version: 0.6.7
Cutadapt version: 3.5
Python version: 3.10.6
Number of cores used for trimming: 7
Quality Phred score cutoff: 20
Quality encoding type selected: ASCII+33
Using Illumina adapter for trimming (count: 213029). Second best hit was smallRNA (count: 23)
Adapter sequence: 'AGATCGGAAGAGC' (Illumina TruSeq, Sanger iPCR; auto-detected)
Maximum trimming error rate: 0.1 (default)
Minimum required adapter overlap (stringency): 5 bp
Minimum required sequence length for both reads before a sequence pair gets removed: 20 bp
Removing Ns from the start and end of reads
Running FastQC on the data once trimming has completed
Output file will be GZIP compressed


This is cutadapt 3.5 with Python 3.10.6
Command line parameters: -j 7 -e 0.1 -q 20 -O 5 --trim-n -a AGATCGGAAGAGC /home/george_a/Documentos/Mtb_UAM_unizar/Analysis/Outputs/2_Reports/raw_fastqc/19_4_MMmANmF1C5_1.fastq.gz
Processing reads on 7 cores in single-end mode ...
Finished in 97.20 s (3 µs/read; 17.63 M reads/minute).

=== Summary ===

Total reads processed:              28,568,819
Reads with adapters:                 8,038,354 (28.1%)
Reads written (passing filters):    28,568,819 (100.0%)

Total basepairs processed: 4,313,891,669 bp
Quality-trimmed:               4,112,491 bp (0.1%)
Total written (filtered):  4,098,634,396 bp (95.0%)

=== Adapter 1 ===

Sequence: AGATCGGAAGAGC; Type: regular 3'; Length: 13; Trimmed: 8038354 times

Minimum overlap: 5
No. of allowed errors:
1-9 bp: 0; 10-13 bp: 1

Bases preceding removed adapters:
  A: 7.9%
  C: 33.7%
  G: 48.4%
  T: 10.0%
  none/other: 0.0%

Overview of removed sequences
length	count	expect	max.err	error counts
5	229710	27899.2	0	229710
6	231457	6974.8	0	231457
7	206483	1743.7	0	206483
8	235777	435.9	0	235777
9	196127	109.0	0	195415 712
10	209199	27.2	1	205019 4180
11	209838	6.8	1	204253 5585
12	212007	1.7	1	207429 4578
13	216296	0.4	1	211258 5038
14	199078	0.4	1	194118 4960
15	211211	0.4	1	205990 5221
16	193139	0.4	1	188475 4664
17	201119	0.4	1	194737 6382
18	214748	0.4	1	210396 4352
19	175364	0.4	1	172092 3272
20	191124	0.4	1	186851 4273
21	194153	0.4	1	190049 4104
22	186369	0.4	1	182577 3792
23	209373	0.4	1	205041 4332
24	181737	0.4	1	176647 5090
25	181143	0.4	1	177133 4010
26	162669	0.4	1	159911 2758
27	170107	0.4	1	166453 3654
28	171747	0.4	1	167782 3965
29	170274	0.4	1	166147 4127
30	173166	0.4	1	170116 3050
31	164291	0.4	1	161294 2997
32	167387	0.4	1	164190 3197
33	160000	0.4	1	156376 3624
34	157879	0.4	1	154301 3578
35	148703	0.4	1	146081 2622
36	146046	0.4	1	143667 2379
37	139316	0.4	1	136596 2720
38	135428	0.4	1	132369 3059
39	127273	0.4	1	124866 2407
40	108742	0.4	1	106360 2382
41	110351	0.4	1	108415 1936
42	97903	0.4	1	96161 1742
43	98243	0.4	1	95941 2302
44	94928	0.4	1	92614 2314
45	149372	0.4	1	147421 1951
46	20636	0.4	1	19855 781
47	63610	0.4	1	62567 1043
48	106599	0.4	1	104619 1980
49	79688	0.4	1	78541 1147
50	38492	0.4	1	37618 874
51	71201	0.4	1	69936 1265
52	53930	0.4	1	53068 862
53	39217	0.4	1	38592 625
54	42970	0.4	1	42106 864
55	67201	0.4	1	66215 986
56	37342	0.4	1	36720 622
57	30372	0.4	1	29913 459
58	33226	0.4	1	32710 516
59	35297	0.4	1	34845 452
60	9924	0.4	1	9742 182
61	8761	0.4	1	8515 246
62	34572	0.4	1	34132 440
63	12745	0.4	1	12529 216
64	10206	0.4	1	10041 165
65	9316	0.4	1	9104 212
66	25779	0.4	1	25494 285
67	5666	0.4	1	5526 140
68	9571	0.4	1	9449 122
69	4592	0.4	1	4487 105
70	1848	0.4	1	1780 68
71	730	0.4	1	676 54
72	2101	0.4	1	2050 51
73	3969	0.4	1	3902 67
74	4003	0.4	1	3929 74
75	3506	0.4	1	3441 65
76	3211	0.4	1	3141 70
77	2767	0.4	1	2715 52
78	2591	0.4	1	2515 76
79	2191	0.4	1	2133 58
80	1826	0.4	1	1749 77
81	1572	0.4	1	1518 54
82	1404	0.4	1	1352 52
83	1162	0.4	1	1119 43
84	1021	0.4	1	984 37
85	816	0.4	1	800 16
86	900	0.4	1	779 121
87	904	0.4	1	770 134
88	872	0.4	1	635 237
89	825	0.4	1	655 170
90	593	0.4	1	511 82
91	522	0.4	1	490 32
92	444	0.4	1	412 32
93	402	0.4	1	354 48
94	434	0.4	1	377 57
95	450	0.4	1	336 114
96	549	0.4	1	298 251
97	302	0.4	1	262 40
98	364	0.4	1	233 131
99	309	0.4	1	207 102
100	175	0.4	1	145 30
101	364	0.4	1	174 190
102	176	0.4	1	140 36
103	239	0.4	1	146 93
104	201	0.4	1	165 36
105	180	0.4	1	164 16
106	156	0.4	1	135 21
107	126	0.4	1	97 29
108	105	0.4	1	96 9
109	83	0.4	1	69 14
110	102	0.4	1	97 5
111	100	0.4	1	88 12
112	88	0.4	1	79 9
113	82	0.4	1	63 19
114	68	0.4	1	47 21
115	75	0.4	1	59 16
116	54	0.4	1	47 7
117	73	0.4	1	47 26
118	68	0.4	1	58 10
119	56	0.4	1	40 16
120	50	0.4	1	41 9
121	53	0.4	1	32 21
122	96	0.4	1	31 65
123	79	0.4	1	29 50
124	38	0.4	1	23 15
125	38	0.4	1	32 6
126	30	0.4	1	23 7
127	28	0.4	1	15 13
128	47	0.4	1	20 27
129	64	0.4	1	18 46
130	64	0.4	1	10 54
131	201	0.4	1	6 195
132	162	0.4	1	12 150
133	129	0.4	1	14 115
134	111	0.4	1	12 99
135	50	0.4	1	13 37
136	27	0.4	1	14 13
137	30	0.4	1	5 25
138	35	0.4	1	3 32
139	48	0.4	1	2 46
140	219	0.4	1	3 216
141	139	0.4	1	3 136
142	307	0.4	1	1 306
143	400	0.4	1	1 399
144	376	0.4	1	0 376
145	18	0.4	1	0 18
146	35	0.4	1	0 35
147	15	0.4	1	2 13
148	67	0.4	1	2 65
149	13	0.4	1	0 13
150	13	0.4	1	0 13
151	23	0.4	1	0 23

RUN STATISTICS FOR INPUT FILE: /home/george_a/Documentos/Mtb_UAM_unizar/Analysis/Outputs/2_Reports/raw_fastqc/19_4_MMmANmF1C5_1.fastq.gz
=============================================
28568819 sequences processed in total

