
SUMMARISING RUN PARAMETERS
==========================
Input filename: /home/george_a/Documentos/Mtb_UAM_unizar/Analysis/Outputs/2_Reports/raw_fastqc/19_4_MMmANmF2C5_1.fastq.gz
Trimming mode: paired-end
Trim Galore version: 0.6.7
Cutadapt version: 3.5
Python version: 3.10.6
Number of cores used for trimming: 7
Quality Phred score cutoff: 20
Quality encoding type selected: ASCII+33
Using Illumina adapter for trimming (count: 191860). Second best hit was smallRNA (count: 26)
Adapter sequence: 'AGATCGGAAGAGC' (Illumina TruSeq, Sanger iPCR; auto-detected)
Maximum trimming error rate: 0.1 (default)
Minimum required adapter overlap (stringency): 5 bp
Minimum required sequence length for both reads before a sequence pair gets removed: 20 bp
Removing Ns from the start and end of reads
Running FastQC on the data once trimming has completed
Output file will be GZIP compressed


This is cutadapt 3.5 with Python 3.10.6
Command line parameters: -j 7 -e 0.1 -q 20 -O 5 --trim-n -a AGATCGGAAGAGC /home/george_a/Documentos/Mtb_UAM_unizar/Analysis/Outputs/2_Reports/raw_fastqc/19_4_MMmANmF2C5_1.fastq.gz
Processing reads on 7 cores in single-end mode ...
Finished in 77.51 s (3 µs/read; 17.57 M reads/minute).

=== Summary ===

Total reads processed:              22,698,369
Reads with adapters:                 5,889,448 (25.9%)
Reads written (passing filters):    22,698,369 (100.0%)

Total basepairs processed: 3,427,453,719 bp
Quality-trimmed:               2,954,197 bp (0.1%)
Total written (filtered):  3,276,797,044 bp (95.6%)

=== Adapter 1 ===

Sequence: AGATCGGAAGAGC; Type: regular 3'; Length: 13; Trimmed: 5889448 times

Minimum overlap: 5
No. of allowed errors:
1-9 bp: 0; 10-13 bp: 1

Bases preceding removed adapters:
  A: 8.3%
  C: 32.7%
  G: 49.2%
  T: 9.7%
  none/other: 0.0%

Overview of removed sequences
length	count	expect	max.err	error counts
5	187359	22166.4	0	187359
6	188642	5541.6	0	188642
7	165931	1385.4	0	165931
8	190088	346.3	0	190088
9	158930	86.6	0	158392 538
10	168035	21.6	1	164721 3314
11	167657	5.4	1	163240 4417
12	167739	1.4	1	164353 3386
13	166486	0.3	1	162689 3797
14	155865	0.3	1	151757 4108
15	157704	0.3	1	153856 3848
16	151595	0.3	1	147801 3794
17	156093	0.3	1	151280 4813
18	164131	0.3	1	160777 3354
19	133285	0.3	1	130847 2438
20	144379	0.3	1	141245 3134
21	146385	0.3	1	143295 3090
22	137432	0.3	1	134762 2670
23	158052	0.3	1	154617 3435
24	134766	0.3	1	130997 3769
25	133948	0.3	1	131133 2815
26	120470	0.3	1	118440 2030
27	124974	0.3	1	122243 2731
28	124617	0.3	1	121835 2782
29	123642	0.3	1	120637 3005
30	126061	0.3	1	123717 2344
31	120685	0.3	1	118670 2015
32	126420	0.3	1	124073 2347
33	107668	0.3	1	105282 2386
34	111646	0.3	1	109434 2212
35	109006	0.3	1	106689 2317
36	109090	0.3	1	106429 2661
37	88235	0.3	1	86665 1570
38	92466	0.3	1	90996 1470
39	86942	0.3	1	85031 1911
40	73379	0.3	1	71941 1438
41	69688	0.3	1	68432 1256
42	67511	0.3	1	66285 1226
43	62626	0.3	1	61270 1356
44	59044	0.3	1	57682 1362
45	92150	0.3	1	91047 1103
46	13071	0.3	1	12584 487
47	40845	0.3	1	40187 658
48	56599	0.3	1	55536 1063
49	49098	0.3	1	48295 803
50	35450	0.3	1	34800 650
51	41949	0.3	1	41220 729
52	32900	0.3	1	32351 549
53	26625	0.3	1	26197 428
54	25198	0.3	1	24687 511
55	31760	0.3	1	31182 578
56	22604	0.3	1	22189 415
57	20587	0.3	1	20253 334
58	23771	0.3	1	23427 344
59	17311	0.3	1	17026 285
60	9778	0.3	1	9633 145
61	7190	0.3	1	7042 148
62	17749	0.3	1	17478 271
63	10018	0.3	1	9874 144
64	8709	0.3	1	8581 128
65	5546	0.3	1	5407 139
66	14353	0.3	1	14161 192
67	6524	0.3	1	6379 145
68	7174	0.3	1	7084 90
69	2396	0.3	1	2356 40
70	857	0.3	1	826 31
71	738	0.3	1	703 35
72	1384	0.3	1	1361 23
73	2561	0.3	1	2522 39
74	2532	0.3	1	2474 58
75	2087	0.3	1	2044 43
76	1857	0.3	1	1830 27
77	1706	0.3	1	1670 36
78	1556	0.3	1	1511 45
79	1341	0.3	1	1307 34
80	1199	0.3	1	1160 39
81	980	0.3	1	929 51
82	873	0.3	1	835 38
83	725	0.3	1	685 40
84	649	0.3	1	625 24
85	571	0.3	1	552 19
86	538	0.3	1	473 65
87	582	0.3	1	511 71
88	601	0.3	1	439 162
89	585	0.3	1	460 125
90	387	0.3	1	336 51
91	393	0.3	1	367 26
92	300	0.3	1	257 43
93	285	0.3	1	249 36
94	322	0.3	1	271 51
95	341	0.3	1	277 64
96	381	0.3	1	237 144
97	232	0.3	1	212 20
98	271	0.3	1	201 70
99	193	0.3	1	147 46
100	136	0.3	1	110 26
101	221	0.3	1	121 100
102	149	0.3	1	129 20
103	148	0.3	1	102 46
104	151	0.3	1	118 33
105	153	0.3	1	140 13
106	104	0.3	1	89 15
107	134	0.3	1	109 25
108	116	0.3	1	101 15
109	110	0.3	1	91 19
110	81	0.3	1	73 8
111	78	0.3	1	75 3
112	63	0.3	1	53 10
113	67	0.3	1	53 14
114	62	0.3	1	55 7
115	55	0.3	1	43 12
116	46	0.3	1	37 9
117	65	0.3	1	51 14
118	48	0.3	1	36 12
119	52	0.3	1	43 9
120	57	0.3	1	46 11
121	38	0.3	1	27 11
122	33	0.3	1	21 12
123	44	0.3	1	25 19
124	44	0.3	1	29 15
125	28	0.3	1	25 3
126	30	0.3	1	24 6
127	36	0.3	1	24 12
128	35	0.3	1	16 19
129	43	0.3	1	16 27
130	63	0.3	1	9 54
131	138	0.3	1	15 123
132	151	0.3	1	9 142
133	85	0.3	1	6 79
134	68	0.3	1	8 60
135	42	0.3	1	12 30
136	12	0.3	1	4 8
137	22	0.3	1	10 12
138	38	0.3	1	6 32
139	40	0.3	1	9 31
140	141	0.3	1	2 139
141	61	0.3	1	3 58
142	226	0.3	1	2 224
143	327	0.3	1	2 325
144	386	0.3	1	2 384
145	10	0.3	1	0 10
146	40	0.3	1	2 38
147	14	0.3	1	0 14
148	72	0.3	1	2 70
149	19	0.3	1	2 17
150	4	0.3	1	0 4
151	8	0.3	1	0 8

RUN STATISTICS FOR INPUT FILE: /home/george_a/Documentos/Mtb_UAM_unizar/Analysis/Outputs/2_Reports/raw_fastqc/19_4_MMmANmF2C5_1.fastq.gz
=============================================
22698369 sequences processed in total

