
SUMMARISING RUN PARAMETERS
==========================
Input filename: /home/george_a/Documentos/Mtb_UAM_unizar/Analysis/Outputs/2_Reports/raw_fastqc/8_4_MMmANmF2C6_1.fastq.gz
Trimming mode: paired-end
Trim Galore version: 0.6.7
Cutadapt version: 3.5
Python version: 3.10.6
Number of cores used for trimming: 7
Quality Phred score cutoff: 20
Quality encoding type selected: ASCII+33
Using Illumina adapter for trimming (count: 282505). Second best hit was smallRNA (count: 1)
Adapter sequence: 'AGATCGGAAGAGC' (Illumina TruSeq, Sanger iPCR; auto-detected)
Maximum trimming error rate: 0.1 (default)
Minimum required adapter overlap (stringency): 5 bp
Minimum required sequence length for both reads before a sequence pair gets removed: 20 bp
Removing Ns from the start and end of reads
Running FastQC on the data once trimming has completed
Output file will be GZIP compressed


This is cutadapt 3.5 with Python 3.10.6
Command line parameters: -j 7 -e 0.1 -q 20 -O 5 --trim-n -a AGATCGGAAGAGC /home/george_a/Documentos/Mtb_UAM_unizar/Analysis/Outputs/2_Reports/raw_fastqc/8_4_MMmANmF2C6_1.fastq.gz
Processing reads on 7 cores in single-end mode ...
Finished in 63.51 s (3 µs/read; 22.09 M reads/minute).

=== Summary ===

Total reads processed:              23,385,582
Reads with adapters:                 8,373,233 (35.8%)
Reads written (passing filters):    23,385,582 (100.0%)

Total basepairs processed: 3,531,222,882 bp
Quality-trimmed:               1,983,626 bp (0.1%)
Total written (filtered):  3,291,797,735 bp (93.2%)

=== Adapter 1 ===

Sequence: AGATCGGAAGAGC; Type: regular 3'; Length: 13; Trimmed: 8373233 times

Minimum overlap: 5
No. of allowed errors:
1-9 bp: 0; 10-13 bp: 1

Bases preceding removed adapters:
  A: 7.6%
  C: 42.4%
  G: 40.7%
  T: 9.3%
  none/other: 0.0%

Overview of removed sequences
length	count	expect	max.err	error counts
5	191811	22837.5	0	191811
6	217214	5709.4	0	217214
7	187594	1427.3	0	187594
8	218927	356.8	0	218927
9	189259	89.2	0	188698 561
10	189692	22.3	1	186664 3028
11	195396	5.6	1	190904 4492
12	209271	1.4	1	205602 3669
13	233245	0.3	1	228895 4350
14	181432	0.3	1	177149 4283
15	204178	0.3	1	200028 4150
16	163159	0.3	1	159584 3575
17	172291	0.3	1	167964 4327
18	185865	0.3	1	182344 3521
19	149574	0.3	1	146852 2722
20	165854	0.3	1	162488 3366
21	172602	0.3	1	169171 3431
22	225392	0.3	1	221785 3607
23	215288	0.3	1	211257 4031
24	175306	0.3	1	171356 3950
25	164839	0.3	1	161679 3160
26	156712	0.3	1	154167 2545
27	152921	0.3	1	149858 3063
28	161791	0.3	1	158914 2877
29	177775	0.3	1	174039 3736
30	174433	0.3	1	171489 2944
31	180541	0.3	1	177648 2893
32	175740	0.3	1	172801 2939
33	192575	0.3	1	188890 3685
34	170696	0.3	1	167206 3490
35	166856	0.3	1	164416 2440
36	184302	0.3	1	181137 3165
37	169827	0.3	1	166702 3125
38	181595	0.3	1	178679 2916
39	129456	0.3	1	127442 2014
40	116023	0.3	1	114071 1952
41	134353	0.3	1	132258 2095
42	124335	0.3	1	122345 1990
43	115303	0.3	1	113119 2184
44	100178	0.3	1	98172 2006
45	162259	0.3	1	160398 1861
46	21547	0.3	1	20699 848
47	76265	0.3	1	75152 1113
48	120765	0.3	1	118768 1997
49	106398	0.3	1	104900 1498
50	77101	0.3	1	75790 1311
51	86620	0.3	1	85230 1390
52	70301	0.3	1	69225 1076
53	51970	0.3	1	51204 766
54	55422	0.3	1	54418 1004
55	71988	0.3	1	70983 1005
56	57912	0.3	1	57028 884
57	53682	0.3	1	52936 746
58	53947	0.3	1	53208 739
59	41436	0.3	1	40846 590
60	23447	0.3	1	23098 349
61	16732	0.3	1	16384 348
62	43392	0.3	1	42856 536
63	23963	0.3	1	23610 353
64	20322	0.3	1	20048 274
65	12936	0.3	1	12697 239
66	34508	0.3	1	34133 375
67	17318	0.3	1	17048 270
68	19788	0.3	1	19541 247
69	6698	0.3	1	6596 102
70	2415	0.3	1	2347 68
71	1545	0.3	1	1515 30
72	3359	0.3	1	3316 43
73	6390	0.3	1	6312 78
74	6536	0.3	1	6429 107
75	5761	0.3	1	5684 77
76	4924	0.3	1	4860 64
77	4157	0.3	1	4094 63
78	4213	0.3	1	4135 78
79	3367	0.3	1	3302 65
80	2950	0.3	1	2904 46
81	2715	0.3	1	2662 53
82	2574	0.3	1	2517 57
83	1758	0.3	1	1715 43
84	1610	0.3	1	1577 33
85	1296	0.3	1	1273 23
86	1261	0.3	1	1222 39
87	1218	0.3	1	1195 23
88	1094	0.3	1	1061 33
89	1197	0.3	1	1172 25
90	1021	0.3	1	992 29
91	897	0.3	1	876 21
92	722	0.3	1	702 20
93	768	0.3	1	747 21
94	717	0.3	1	696 21
95	651	0.3	1	621 30
96	559	0.3	1	525 34
97	584	0.3	1	566 18
98	452	0.3	1	434 18
99	440	0.3	1	419 21
100	385	0.3	1	374 11
101	391	0.3	1	362 29
102	365	0.3	1	354 11
103	362	0.3	1	351 11
104	291	0.3	1	289 2
105	307	0.3	1	297 10
106	273	0.3	1	263 10
107	271	0.3	1	260 11
108	195	0.3	1	189 6
109	200	0.3	1	194 6
110	196	0.3	1	192 4
111	182	0.3	1	172 10
112	169	0.3	1	161 8
113	156	0.3	1	143 13
114	185	0.3	1	176 9
115	160	0.3	1	154 6
116	137	0.3	1	131 6
117	137	0.3	1	133 4
118	114	0.3	1	105 9
119	105	0.3	1	97 8
120	111	0.3	1	106 5
121	101	0.3	1	90 11
122	83	0.3	1	74 9
123	87	0.3	1	83 4
124	81	0.3	1	70 11
125	51	0.3	1	46 5
126	51	0.3	1	50 1
127	50	0.3	1	48 2
128	33	0.3	1	29 4
129	34	0.3	1	28 6
130	36	0.3	1	28 8
131	53	0.3	1	40 13
132	37	0.3	1	29 8
133	30	0.3	1	23 7
134	49	0.3	1	40 9
135	28	0.3	1	25 3
136	38	0.3	1	35 3
137	27	0.3	1	25 2
138	34	0.3	1	23 11
139	17	0.3	1	9 8
140	15	0.3	1	2 13
141	13	0.3	1	4 9
142	17	0.3	1	4 13
143	28	0.3	1	2 26
144	30	0.3	1	1 29
145	4	0.3	1	0 4
146	11	0.3	1	3 8
148	8	0.3	1	3 5
150	2	0.3	1	0 2
151	24	0.3	1	0 24

RUN STATISTICS FOR INPUT FILE: /home/george_a/Documentos/Mtb_UAM_unizar/Analysis/Outputs/2_Reports/raw_fastqc/8_4_MMmANmF2C6_1.fastq.gz
=============================================
23385582 sequences processed in total

