
SUMMARISING RUN PARAMETERS
==========================
Input filename: /home/george_a/Documentos/Mtb_UAM_unizar/Analysis/Outputs/2_Reports/raw_fastqc/29_11_ANmF1C15_1.fastq.gz
Trimming mode: paired-end
Trim Galore version: 0.6.7
Cutadapt version: 3.5
Python version: 3.10.6
Number of cores used for trimming: 7
Quality Phred score cutoff: 20
Quality encoding type selected: ASCII+33
Using Illumina adapter for trimming (count: 292095). Second best hit was smallRNA (count: 1)
Adapter sequence: 'AGATCGGAAGAGC' (Illumina TruSeq, Sanger iPCR; auto-detected)
Maximum trimming error rate: 0.1 (default)
Minimum required adapter overlap (stringency): 5 bp
Minimum required sequence length for both reads before a sequence pair gets removed: 20 bp
Removing Ns from the start and end of reads
Running FastQC on the data once trimming has completed
Output file will be GZIP compressed


This is cutadapt 3.5 with Python 3.10.6
Command line parameters: -j 7 -e 0.1 -q 20 -O 5 --trim-n -a AGATCGGAAGAGC /home/george_a/Documentos/Mtb_UAM_unizar/Analysis/Outputs/2_Reports/raw_fastqc/29_11_ANmF1C15_1.fastq.gz
Processing reads on 7 cores in single-end mode ...
Finished in 65.47 s (3 µs/read; 22.65 M reads/minute).

=== Summary ===

Total reads processed:              24,720,775
Reads with adapters:                 9,001,149 (36.4%)
Reads written (passing filters):    24,720,775 (100.0%)

Total basepairs processed: 3,732,837,025 bp
Quality-trimmed:               2,290,600 bp (0.1%)
Total written (filtered):  3,471,458,548 bp (93.0%)

=== Adapter 1 ===

Sequence: AGATCGGAAGAGC; Type: regular 3'; Length: 13; Trimmed: 9001149 times

Minimum overlap: 5
No. of allowed errors:
1-9 bp: 0; 10-13 bp: 1

Bases preceding removed adapters:
  A: 9.6%
  C: 46.2%
  G: 34.8%
  T: 9.4%
  none/other: 0.0%

Overview of removed sequences
length	count	expect	max.err	error counts
5	216885	24141.4	0	216885
6	234051	6035.3	0	234051
7	197099	1508.8	0	197099
8	227913	377.2	0	227913
9	193483	94.3	0	192870 613
10	202966	23.6	1	199317 3649
11	199819	5.9	1	195155 4664
12	202654	1.5	1	198401 4253
13	221331	0.4	1	216198 5133
14	173585	0.4	1	169090 4495
15	188449	0.4	1	184104 4345
16	163941	0.4	1	159810 4131
17	180658	0.4	1	175701 4957
18	191242	0.4	1	186950 4292
19	165528	0.4	1	161830 3698
20	179305	0.4	1	174929 4376
21	179774	0.4	1	175550 4224
22	231812	0.4	1	226660 5152
23	205538	0.4	1	200811 4727
24	187781	0.4	1	182905 4876
25	189626	0.4	1	185321 4305
26	208826	0.4	1	204562 4264
27	163366	0.4	1	159587 3779
28	193076	0.4	1	188894 4182
29	224305	0.4	1	219270 5035
30	179532	0.4	1	175621 3911
31	199442	0.4	1	195335 4107
32	189286	0.4	1	185096 4190
33	217188	0.4	1	212709 4479
34	183643	0.4	1	179739 3904
35	188439	0.4	1	184542 3897
36	215125	0.4	1	210575 4550
37	199570	0.4	1	195328 4242
38	164194	0.4	1	160401 3793
39	130985	0.4	1	128166 2819
40	111696	0.4	1	109187 2509
41	141250	0.4	1	138098 3152
42	133391	0.4	1	130274 3117
43	129478	0.4	1	126703 2775
44	89065	0.4	1	86643 2422
45	171077	0.4	1	168660 2417
46	21379	0.4	1	20145 1234
47	96437	0.4	1	94366 2071
48	172277	0.4	1	168963 3314
49	119255	0.4	1	116960 2295
50	77660	0.4	1	75601 2059
51	109528	0.4	1	107297 2231
52	88228	0.4	1	86629 1599
53	54739	0.4	1	53483 1256
54	70476	0.4	1	68831 1645
55	110981	0.4	1	109126 1855
56	63207	0.4	1	61850 1357
57	58344	0.4	1	57203 1141
58	50202	0.4	1	49177 1025
59	54300	0.4	1	53405 895
60	16942	0.4	1	16510 432
61	16449	0.4	1	15879 570
62	54502	0.4	1	53744 758
63	19101	0.4	1	18678 423
64	13803	0.4	1	13513 290
65	13293	0.4	1	12885 408
66	35756	0.4	1	35188 568
67	10912	0.4	1	10586 326
68	16933	0.4	1	16609 324
69	10181	0.4	1	9980 201
70	5932	0.4	1	5815 117
71	933	0.4	1	883 50
72	2572	0.4	1	2491 81
73	6362	0.4	1	6235 127
74	7627	0.4	1	7449 178
75	6737	0.4	1	6599 138
76	5626	0.4	1	5489 137
77	4784	0.4	1	4672 112
78	4692	0.4	1	4590 102
79	3345	0.4	1	3240 105
80	3469	0.4	1	3375 94
81	3390	0.4	1	3309 81
82	2730	0.4	1	2673 57
83	1938	0.4	1	1896 42
84	1559	0.4	1	1524 35
85	1359	0.4	1	1316 43
86	1236	0.4	1	1176 60
87	1305	0.4	1	1231 74
88	1162	0.4	1	1082 80
89	1227	0.4	1	1158 69
90	1014	0.4	1	964 50
91	890	0.4	1	855 35
92	779	0.4	1	745 34
93	809	0.4	1	769 40
94	670	0.4	1	631 39
95	681	0.4	1	643 38
96	710	0.4	1	660 50
97	529	0.4	1	502 27
98	377	0.4	1	355 22
99	380	0.4	1	362 18
100	309	0.4	1	288 21
101	336	0.4	1	301 35
102	287	0.4	1	274 13
103	267	0.4	1	246 21
104	246	0.4	1	222 24
105	217	0.4	1	202 15
106	202	0.4	1	184 18
107	182	0.4	1	162 20
108	147	0.4	1	129 18
109	143	0.4	1	131 12
110	169	0.4	1	156 13
111	171	0.4	1	158 13
112	141	0.4	1	131 10
113	117	0.4	1	112 5
114	124	0.4	1	121 3
115	106	0.4	1	94 12
116	110	0.4	1	103 7
117	91	0.4	1	84 7
118	125	0.4	1	115 10
119	83	0.4	1	71 12
120	65	0.4	1	55 10
121	54	0.4	1	43 11
122	53	0.4	1	44 9
123	76	0.4	1	66 10
124	43	0.4	1	38 5
125	48	0.4	1	44 4
126	50	0.4	1	42 8
127	43	0.4	1	37 6
128	47	0.4	1	39 8
129	49	0.4	1	34 15
130	52	0.4	1	23 29
131	73	0.4	1	26 47
132	90	0.4	1	28 62
133	72	0.4	1	25 47
134	57	0.4	1	43 14
135	34	0.4	1	18 16
136	23	0.4	1	16 7
137	38	0.4	1	27 11
138	38	0.4	1	25 13
139	12	0.4	1	7 5
140	32	0.4	1	5 27
141	30	0.4	1	7 23
142	87	0.4	1	12 75
143	112	0.4	1	5 107
144	139	0.4	1	1 138
145	11	0.4	1	2 9
146	15	0.4	1	0 15
147	16	0.4	1	1 15
148	22	0.4	1	2 20
149	4	0.4	1	0 4
150	5	0.4	1	1 4
151	3	0.4	1	0 3

RUN STATISTICS FOR INPUT FILE: /home/george_a/Documentos/Mtb_UAM_unizar/Analysis/Outputs/2_Reports/raw_fastqc/29_11_ANmF1C15_1.fastq.gz
=============================================
24720775 sequences processed in total

