
SUMMARISING RUN PARAMETERS
==========================
Input filename: /home/george_a/Documentos/Mtb_UAM_unizar/Analysis/Outputs/2_Reports/raw_fastqc/19_01_ADNmF2C2r_1.fastq.gz
Trimming mode: paired-end
Trim Galore version: 0.6.7
Cutadapt version: 3.5
Python version: 3.10.6
Number of cores used for trimming: 7
Quality Phred score cutoff: 20
Quality encoding type selected: ASCII+33
Using Illumina adapter for trimming (count: 144315). Second best hit was smallRNA (count: 23)
Adapter sequence: 'AGATCGGAAGAGC' (Illumina TruSeq, Sanger iPCR; auto-detected)
Maximum trimming error rate: 0.1 (default)
Minimum required adapter overlap (stringency): 5 bp
Minimum required sequence length for both reads before a sequence pair gets removed: 20 bp
Removing Ns from the start and end of reads
Running FastQC on the data once trimming has completed
Output file will be GZIP compressed


This is cutadapt 3.5 with Python 3.10.6
Command line parameters: -j 7 -e 0.1 -q 20 -O 5 --trim-n -a AGATCGGAAGAGC /home/george_a/Documentos/Mtb_UAM_unizar/Analysis/Outputs/2_Reports/raw_fastqc/19_01_ADNmF2C2r_1.fastq.gz
Processing reads on 7 cores in single-end mode ...
Finished in 89.41 s (3 µs/read; 17.89 M reads/minute).

=== Summary ===

Total reads processed:              26,666,378
Reads with adapters:                 5,389,317 (20.2%)
Reads written (passing filters):    26,666,378 (100.0%)

Total basepairs processed: 4,026,623,078 bp
Quality-trimmed:               7,199,777 bp (0.2%)
Total written (filtered):  3,890,912,403 bp (96.6%)

=== Adapter 1 ===

Sequence: AGATCGGAAGAGC; Type: regular 3'; Length: 13; Trimmed: 5389317 times

Minimum overlap: 5
No. of allowed errors:
1-9 bp: 0; 10-13 bp: 1

Bases preceding removed adapters:
  A: 8.2%
  C: 41.0%
  G: 40.8%
  T: 10.0%
  none/other: 0.0%

Overview of removed sequences
length	count	expect	max.err	error counts
5	197509	26041.4	0	197509
6	197850	6510.3	0	197850
7	175286	1627.6	0	175286
8	194157	406.9	0	194157
9	167535	101.7	0	166333 1202
10	170106	25.4	1	165435 4671
11	172682	6.4	1	165674 7008
12	166347	1.6	1	160954 5393
13	174221	0.4	1	168076 6145
14	145923	0.4	1	140268 5655
15	164189	0.4	1	157949 6240
16	142506	0.4	1	137066 5440
17	151725	0.4	1	144525 7200
18	160658	0.4	1	155408 5250
19	117729	0.4	1	114036 3693
20	134114	0.4	1	129499 4615
21	126578	0.4	1	122567 4011
22	124552	0.4	1	120431 4121
23	134377	0.4	1	129564 4813
24	121987	0.4	1	116130 5857
25	121365	0.4	1	117147 4218
26	104019	0.4	1	101231 2788
27	107027	0.4	1	103451 3576
28	108198	0.4	1	104334 3864
29	106831	0.4	1	102432 4399
30	103535	0.4	1	100514 3021
31	92880	0.4	1	90317 2563
32	93866	0.4	1	90807 3059
33	89065	0.4	1	85887 3178
34	88296	0.4	1	85273 3023
35	89423	0.4	1	85887 3536
36	87729	0.4	1	84838 2891
37	66043	0.4	1	64315 1728
38	75662	0.4	1	72645 3017
39	66596	0.4	1	64430 2166
40	57703	0.4	1	55904 1799
41	61876	0.4	1	60082 1794
42	55295	0.4	1	53194 2101
43	59521	0.4	1	56210 3311
44	53481	0.4	1	51257 2224
45	80824	0.4	1	78737 2087
46	11559	0.4	1	10868 691
47	34759	0.4	1	33522 1237
48	120081	0.4	1	117225 2856
49	36205	0.4	1	35002 1203
50	6861	0.4	1	6291 570
51	51309	0.4	1	49912 1397
52	29262	0.4	1	28421 841
53	6659	0.4	1	6300 359
54	24849	0.4	1	24028 821
55	53595	0.4	1	52537 1058
56	12119	0.4	1	11613 506
57	5525	0.4	1	5372 153
58	4360	0.4	1	4150 210
59	11690	0.4	1	11369 321
60	789	0.4	1	711 78
61	2128	0.4	1	1979 149
62	16517	0.4	1	16153 364
63	1642	0.4	1	1539 103
64	1545	0.4	1	1477 68
65	3621	0.4	1	3482 139
66	9975	0.4	1	9750 225
67	587	0.4	1	534 53
68	2245	0.4	1	2172 73
69	1582	0.4	1	1517 65
70	930	0.4	1	856 74
71	318	0.4	1	244 74
72	931	0.4	1	881 50
73	2086	0.4	1	2017 69
74	2368	0.4	1	2278 90
75	2106	0.4	1	2029 77
76	2007	0.4	1	1944 63
77	1732	0.4	1	1644 88
78	1671	0.4	1	1605 66
79	1312	0.4	1	1277 35
80	1280	0.4	1	1211 69
81	1108	0.4	1	1035 73
82	977	0.4	1	904 73
83	773	0.4	1	722 51
84	707	0.4	1	680 27
85	590	0.4	1	559 31
86	605	0.4	1	530 75
87	600	0.4	1	529 71
88	546	0.4	1	434 112
89	511	0.4	1	412 99
90	380	0.4	1	318 62
91	344	0.4	1	297 47
92	323	0.4	1	280 43
93	338	0.4	1	246 92
94	333	0.4	1	209 124
95	285	0.4	1	200 85
96	389	0.4	1	184 205
97	245	0.4	1	194 51
98	262	0.4	1	152 110
99	215	0.4	1	154 61
100	137	0.4	1	110 27
101	209	0.4	1	112 97
102	177	0.4	1	138 39
103	134	0.4	1	85 49
104	147	0.4	1	80 67
105	128	0.4	1	80 48
106	119	0.4	1	74 45
107	128	0.4	1	81 47
108	100	0.4	1	74 26
109	84	0.4	1	60 24
110	94	0.4	1	70 24
111	91	0.4	1	73 18
112	69	0.4	1	53 16
113	78	0.4	1	52 26
114	79	0.4	1	62 17
115	80	0.4	1	56 24
116	80	0.4	1	66 14
117	49	0.4	1	25 24
118	66	0.4	1	52 14
119	54	0.4	1	37 17
120	48	0.4	1	38 10
121	46	0.4	1	28 18
122	68	0.4	1	32 36
123	59	0.4	1	34 25
124	58	0.4	1	38 20
125	55	0.4	1	31 24
126	38	0.4	1	28 10
127	58	0.4	1	34 24
128	59	0.4	1	32 27
129	64	0.4	1	25 39
130	71	0.4	1	30 41
131	71	0.4	1	23 48
132	120	0.4	1	36 84
133	87	0.4	1	30 57
134	85	0.4	1	26 59
135	48	0.4	1	26 22
136	36	0.4	1	23 13
137	39	0.4	1	17 22
138	47	0.4	1	17 30
139	30	0.4	1	14 16
140	46	0.4	1	11 35
141	36	0.4	1	11 25
142	131	0.4	1	9 122
143	190	0.4	1	2 188
144	334	0.4	1	2 332
145	13	0.4	1	1 12
146	83	0.4	1	3 80
147	20	0.4	1	1 19
148	67	0.4	1	1 66
149	18	0.4	1	1 17
150	9	0.4	1	1 8
151	78	0.4	1	0 78

RUN STATISTICS FOR INPUT FILE: /home/george_a/Documentos/Mtb_UAM_unizar/Analysis/Outputs/2_Reports/raw_fastqc/19_01_ADNmF2C2r_1.fastq.gz
=============================================
26666378 sequences processed in total

