
SUMMARISING RUN PARAMETERS
==========================
Input filename: /home/george_a/Documentos/Mtb_UAM_unizar/Analysis/Outputs/2_Reports/raw_fastqc/03_12_AN_F1C14_1.fastq.gz
Trimming mode: paired-end
Trim Galore version: 0.6.7
Cutadapt version: 3.5
Python version: 3.10.6
Number of cores used for trimming: 7
Quality Phred score cutoff: 20
Quality encoding type selected: ASCII+33
Using Illumina adapter for trimming (count: 182700). Second best hit was smallRNA (count: 13)
Adapter sequence: 'AGATCGGAAGAGC' (Illumina TruSeq, Sanger iPCR; auto-detected)
Maximum trimming error rate: 0.1 (default)
Minimum required adapter overlap (stringency): 5 bp
Minimum required sequence length for both reads before a sequence pair gets removed: 20 bp
Removing Ns from the start and end of reads
Running FastQC on the data once trimming has completed
Output file will be GZIP compressed


This is cutadapt 3.5 with Python 3.10.6
Command line parameters: -j 7 -e 0.1 -q 20 -O 5 --trim-n -a AGATCGGAAGAGC /home/george_a/Documentos/Mtb_UAM_unizar/Analysis/Outputs/2_Reports/raw_fastqc/03_12_AN_F1C14_1.fastq.gz
Processing reads on 7 cores in single-end mode ...
Finished in 80.20 s (3 µs/read; 18.71 M reads/minute).

=== Summary ===

Total reads processed:              25,004,506
Reads with adapters:                 6,234,140 (24.9%)
Reads written (passing filters):    25,004,506 (100.0%)

Total basepairs processed: 3,775,680,406 bp
Quality-trimmed:               5,158,503 bp (0.1%)
Total written (filtered):  3,613,433,791 bp (95.7%)

=== Adapter 1 ===

Sequence: AGATCGGAAGAGC; Type: regular 3'; Length: 13; Trimmed: 6234140 times

Minimum overlap: 5
No. of allowed errors:
1-9 bp: 0; 10-13 bp: 1

Bases preceding removed adapters:
  A: 10.7%
  C: 39.5%
  G: 40.2%
  T: 9.6%
  none/other: 0.0%

Overview of removed sequences
length	count	expect	max.err	error counts
5	213547	24418.5	0	213547
6	211189	6104.6	0	211189
7	186139	1526.2	0	186139
8	202729	381.5	0	202729
9	174547	95.4	0	173439 1108
10	181886	23.8	1	177205 4681
11	181607	6.0	1	175440 6167
12	179184	1.5	1	173749 5435
13	181222	0.4	1	175245 5977
14	164702	0.4	1	159161 5541
15	164109	0.4	1	158672 5437
16	158954	0.4	1	153399 5555
17	160792	0.4	1	154458 6334
18	164756	0.4	1	159757 4999
19	139087	0.4	1	134870 4217
20	146011	0.4	1	141253 4758
21	145606	0.4	1	140984 4622
22	148451	0.4	1	143814 4637
23	150892	0.4	1	146262 4630
24	137533	0.4	1	132489 5044
25	133665	0.4	1	129436 4229
26	123086	0.4	1	119557 3529
27	122232	0.4	1	118498 3734
28	123917	0.4	1	119955 3962
29	125788	0.4	1	121446 4342
30	117860	0.4	1	114403 3457
31	117519	0.4	1	114259 3260
32	115877	0.4	1	112485 3392
33	112725	0.4	1	109194 3531
34	109010	0.4	1	105705 3305
35	106881	0.4	1	103425 3456
36	108644	0.4	1	104934 3710
37	93543	0.4	1	90929 2614
38	84634	0.4	1	82182 2452
39	82695	0.4	1	80231 2464
40	71581	0.4	1	69217 2364
41	74012	0.4	1	71745 2267
42	73545	0.4	1	71080 2465
43	70967	0.4	1	68246 2721
44	59995	0.4	1	57761 2234
45	102635	0.4	1	100629 2006
46	15208	0.4	1	14086 1122
47	58031	0.4	1	54674 3357
48	255587	0.4	1	251264 4323
49	38804	0.4	1	37292 1512
50	9797	0.4	1	8847 950
51	67760	0.4	1	66339 1421
52	33971	0.4	1	33179 792
53	6245	0.4	1	5743 502
54	29662	0.4	1	28636 1026
55	53432	0.4	1	52489 943
56	9091	0.4	1	8704 387
57	4828	0.4	1	4670 158
58	5190	0.4	1	4950 240
59	14076	0.4	1	13819 257
60	1153	0.4	1	1051 102
61	3249	0.4	1	2990 259
62	19536	0.4	1	19193 343
63	2241	0.4	1	2117 124
64	2055	0.4	1	1927 128
65	5532	0.4	1	5305 227
66	11957	0.4	1	11759 198
67	1138	0.4	1	1031 107
68	3855	0.4	1	3749 106
69	3918	0.4	1	3802 116
70	3269	0.4	1	3183 86
71	334	0.4	1	294 40
72	760	0.4	1	706 54
73	2582	0.4	1	2508 74
74	3892	0.4	1	3770 122
75	4104	0.4	1	3975 129
76	3719	0.4	1	3617 102
77	3196	0.4	1	3097 99
78	3173	0.4	1	3055 118
79	2640	0.4	1	2547 93
80	2477	0.4	1	2382 95
81	2173	0.4	1	2072 101
82	2019	0.4	1	1927 92
83	1608	0.4	1	1539 69
84	1381	0.4	1	1327 54
85	1091	0.4	1	1045 46
86	1109	0.4	1	989 120
87	1053	0.4	1	947 106
88	1109	0.4	1	932 177
89	1045	0.4	1	902 143
90	838	0.4	1	758 80
91	698	0.4	1	655 43
92	617	0.4	1	570 47
93	635	0.4	1	529 106
94	604	0.4	1	552 52
95	582	0.4	1	499 83
96	567	0.4	1	416 151
97	435	0.4	1	388 47
98	348	0.4	1	277 71
99	355	0.4	1	304 51
100	288	0.4	1	249 39
101	329	0.4	1	252 77
102	228	0.4	1	205 23
103	256	0.4	1	211 45
104	270	0.4	1	216 54
105	204	0.4	1	178 26
106	180	0.4	1	154 26
107	177	0.4	1	158 19
108	177	0.4	1	148 29
109	157	0.4	1	139 18
110	178	0.4	1	165 13
111	143	0.4	1	132 11
112	118	0.4	1	107 11
113	106	0.4	1	91 15
114	120	0.4	1	105 15
115	86	0.4	1	81 5
116	91	0.4	1	80 11
117	101	0.4	1	82 19
118	91	0.4	1	76 15
119	80	0.4	1	64 16
120	81	0.4	1	70 11
121	61	0.4	1	49 12
122	77	0.4	1	50 27
123	79	0.4	1	63 16
124	80	0.4	1	61 19
125	49	0.4	1	37 12
126	54	0.4	1	43 11
127	39	0.4	1	27 12
128	68	0.4	1	46 22
129	71	0.4	1	36 35
130	86	0.4	1	34 52
131	91	0.4	1	28 63
132	124	0.4	1	32 92
133	63	0.4	1	28 35
134	82	0.4	1	41 41
135	60	0.4	1	30 30
136	36	0.4	1	24 12
137	48	0.4	1	28 20
138	41	0.4	1	13 28
139	56	0.4	1	14 42
140	60	0.4	1	6 54
141	42	0.4	1	5 37
142	170	0.4	1	12 158
143	216	0.4	1	2 214
144	286	0.4	1	4 282
145	31	0.4	1	2 29
146	52	0.4	1	1 51
147	14	0.4	1	1 13
148	19	0.4	1	0 19
149	11	0.4	1	2 9
150	5	0.4	1	0 5
151	25	0.4	1	0 25

RUN STATISTICS FOR INPUT FILE: /home/george_a/Documentos/Mtb_UAM_unizar/Analysis/Outputs/2_Reports/raw_fastqc/03_12_AN_F1C14_1.fastq.gz
=============================================
25004506 sequences processed in total

