
SUMMARISING RUN PARAMETERS
==========================
Input filename: /home/george_a/Documentos/Mtb_UAM_unizar/Analysis/Outputs/2_Reports/raw_fastqc/19_01_AN_F1C12_1.fastq.gz
Trimming mode: paired-end
Trim Galore version: 0.6.7
Cutadapt version: 3.5
Python version: 3.10.6
Number of cores used for trimming: 7
Quality Phred score cutoff: 20
Quality encoding type selected: ASCII+33
Using Illumina adapter for trimming (count: 172784). Second best hit was smallRNA (count: 3)
Adapter sequence: 'AGATCGGAAGAGC' (Illumina TruSeq, Sanger iPCR; auto-detected)
Maximum trimming error rate: 0.1 (default)
Minimum required adapter overlap (stringency): 5 bp
Minimum required sequence length for both reads before a sequence pair gets removed: 20 bp
Removing Ns from the start and end of reads
Running FastQC on the data once trimming has completed
Output file will be GZIP compressed


This is cutadapt 3.5 with Python 3.10.6
Command line parameters: -j 7 -e 0.1 -q 20 -O 5 --trim-n -a AGATCGGAAGAGC /home/george_a/Documentos/Mtb_UAM_unizar/Analysis/Outputs/2_Reports/raw_fastqc/19_01_AN_F1C12_1.fastq.gz
Processing reads on 7 cores in single-end mode ...
Finished in 70.88 s (3 µs/read; 22.25 M reads/minute).

=== Summary ===

Total reads processed:              26,285,644
Reads with adapters:                 6,053,596 (23.0%)
Reads written (passing filters):    26,285,644 (100.0%)

Total basepairs processed: 3,969,132,244 bp
Quality-trimmed:               3,314,395 bp (0.1%)
Total written (filtered):  3,811,685,433 bp (96.0%)

=== Adapter 1 ===

Sequence: AGATCGGAAGAGC; Type: regular 3'; Length: 13; Trimmed: 6053596 times

Minimum overlap: 5
No. of allowed errors:
1-9 bp: 0; 10-13 bp: 1

Bases preceding removed adapters:
  A: 6.9%
  C: 49.5%
  G: 34.9%
  T: 8.8%
  none/other: 0.0%

Overview of removed sequences
length	count	expect	max.err	error counts
5	172425	25669.6	0	172425
6	196121	6417.4	0	196121
7	170865	1604.3	0	170865
8	198608	401.1	0	198608
9	176280	100.3	0	175621 659
10	171035	25.1	1	167110 3925
11	185320	6.3	1	179332 5988
12	182906	1.6	1	177920 4986
13	205206	0.4	1	199720 5486
14	164900	0.4	1	159227 5673
15	178920	0.4	1	173840 5080
16	147124	0.4	1	142282 4842
17	154401	0.4	1	148592 5809
18	155087	0.4	1	150813 4274
19	130611	0.4	1	127205 3406
20	132594	0.4	1	128510 4084
21	134199	0.4	1	130243 3956
22	160299	0.4	1	156320 3979
23	143400	0.4	1	139300 4100
24	132089	0.4	1	127170 4919
25	121218	0.4	1	117540 3678
26	121383	0.4	1	118420 2963
27	108551	0.4	1	105435 3116
28	114453	0.4	1	111407 3046
29	118465	0.4	1	114670 3795
30	109836	0.4	1	106975 2861
31	106319	0.4	1	103737 2582
32	103915	0.4	1	101107 2808
33	116378	0.4	1	113460 2918
34	104529	0.4	1	101286 3243
35	107779	0.4	1	105173 2606
36	110910	0.4	1	108368 2542
37	117783	0.4	1	114982 2801
38	106740	0.4	1	104052 2688
39	97677	0.4	1	94947 2730
40	75237	0.4	1	73265 1972
41	59562	0.4	1	57705 1857
42	74287	0.4	1	72547 1740
43	74442	0.4	1	72325 2117
44	57421	0.4	1	55509 1912
45	93095	0.4	1	91132 1963
46	14860	0.4	1	14131 729
47	31964	0.4	1	31126 838
48	69798	0.4	1	68146 1652
49	57244	0.4	1	55951 1293
50	36279	0.4	1	35296 983
51	52843	0.4	1	51445 1398
52	41184	0.4	1	40189 995
53	25967	0.4	1	25274 693
54	30425	0.4	1	29562 863
55	45766	0.4	1	44725 1041
56	28011	0.4	1	27335 676
57	30208	0.4	1	29513 695
58	24539	0.4	1	23973 566
59	23666	0.4	1	23130 536
60	9181	0.4	1	8922 259
61	7966	0.4	1	7656 310
62	28689	0.4	1	28202 487
63	11618	0.4	1	11314 304
64	7900	0.4	1	7701 199
65	6170	0.4	1	5931 239
66	20814	0.4	1	20445 369
67	5807	0.4	1	5635 172
68	7944	0.4	1	7788 156
69	3107	0.4	1	3007 100
70	1173	0.4	1	1116 57
71	867	0.4	1	837 30
72	1776	0.4	1	1710 66
73	3276	0.4	1	3187 89
74	3449	0.4	1	3364 85
75	2945	0.4	1	2844 101
76	2510	0.4	1	2440 70
77	2209	0.4	1	2125 84
78	2289	0.4	1	2209 80
79	1631	0.4	1	1563 68
80	1599	0.4	1	1538 61
81	1665	0.4	1	1596 69
82	1579	0.4	1	1526 53
83	990	0.4	1	957 33
84	881	0.4	1	846 35
85	706	0.4	1	662 44
86	707	0.4	1	659 48
87	617	0.4	1	562 55
88	599	0.4	1	546 53
89	580	0.4	1	536 44
90	482	0.4	1	438 44
91	440	0.4	1	408 32
92	443	0.4	1	399 44
93	396	0.4	1	346 50
94	342	0.4	1	307 35
95	311	0.4	1	258 53
96	374	0.4	1	273 101
97	231	0.4	1	211 20
98	241	0.4	1	202 39
99	248	0.4	1	216 32
100	210	0.4	1	180 30
101	243	0.4	1	180 63
102	174	0.4	1	147 27
103	178	0.4	1	147 31
104	188	0.4	1	156 32
105	122	0.4	1	110 12
106	100	0.4	1	88 12
107	110	0.4	1	93 17
108	98	0.4	1	87 11
109	86	0.4	1	75 11
110	99	0.4	1	84 15
111	81	0.4	1	72 9
112	82	0.4	1	68 14
113	71	0.4	1	60 11
114	103	0.4	1	90 13
115	66	0.4	1	58 8
116	87	0.4	1	74 13
117	79	0.4	1	58 21
118	85	0.4	1	76 9
119	68	0.4	1	49 19
120	70	0.4	1	63 7
121	46	0.4	1	43 3
122	47	0.4	1	29 18
123	91	0.4	1	75 16
124	44	0.4	1	33 11
125	61	0.4	1	51 10
126	31	0.4	1	28 3
127	60	0.4	1	52 8
128	47	0.4	1	31 16
129	41	0.4	1	22 19
130	44	0.4	1	24 20
131	57	0.4	1	25 32
132	61	0.4	1	26 35
133	78	0.4	1	30 48
134	46	0.4	1	14 32
135	37	0.4	1	26 11
136	23	0.4	1	16 7
137	37	0.4	1	23 14
138	56	0.4	1	34 22
139	13	0.4	1	9 4
140	8	0.4	1	3 5
141	24	0.4	1	9 15
142	50	0.4	1	17 33
143	66	0.4	1	2 64
144	134	0.4	1	4 130
145	11	0.4	1	2 9
146	15	0.4	1	3 12
147	12	0.4	1	2 10
148	27	0.4	1	3 24
149	6	0.4	1	1 5
150	5	0.4	1	0 5
151	42	0.4	1	0 42

RUN STATISTICS FOR INPUT FILE: /home/george_a/Documentos/Mtb_UAM_unizar/Analysis/Outputs/2_Reports/raw_fastqc/19_01_AN_F1C12_1.fastq.gz
=============================================
26285644 sequences processed in total

