
SUMMARISING RUN PARAMETERS
==========================
Input filename: /home/george_a/Documentos/Mtb_UAM_unizar/Analysis/Outputs/2_Reports/raw_fastqc/03_12_AN_F2C14_1.fastq.gz
Trimming mode: paired-end
Trim Galore version: 0.6.7
Cutadapt version: 3.5
Python version: 3.10.6
Number of cores used for trimming: 7
Quality Phred score cutoff: 20
Quality encoding type selected: ASCII+33
Using Illumina adapter for trimming (count: 172163). Second best hit was smallRNA (count: 15)
Adapter sequence: 'AGATCGGAAGAGC' (Illumina TruSeq, Sanger iPCR; auto-detected)
Maximum trimming error rate: 0.1 (default)
Minimum required adapter overlap (stringency): 5 bp
Minimum required sequence length for both reads before a sequence pair gets removed: 20 bp
Removing Ns from the start and end of reads
Running FastQC on the data once trimming has completed
Output file will be GZIP compressed


This is cutadapt 3.5 with Python 3.10.6
Command line parameters: -j 7 -e 0.1 -q 20 -O 5 --trim-n -a AGATCGGAAGAGC /home/george_a/Documentos/Mtb_UAM_unizar/Analysis/Outputs/2_Reports/raw_fastqc/03_12_AN_F2C14_1.fastq.gz
Processing reads on 7 cores in single-end mode ...
Finished in 75.80 s (3 µs/read; 18.11 M reads/minute).

=== Summary ===

Total reads processed:              22,885,775
Reads with adapters:                 5,233,106 (22.9%)
Reads written (passing filters):    22,885,775 (100.0%)

Total basepairs processed: 3,455,752,025 bp
Quality-trimmed:               2,561,018 bp (0.1%)
Total written (filtered):  3,313,594,228 bp (95.9%)

=== Adapter 1 ===

Sequence: AGATCGGAAGAGC; Type: regular 3'; Length: 13; Trimmed: 5233106 times

Minimum overlap: 5
No. of allowed errors:
1-9 bp: 0; 10-13 bp: 1

Bases preceding removed adapters:
  A: 10.5%
  C: 39.0%
  G: 40.5%
  T: 10.0%
  none/other: 0.0%

Overview of removed sequences
length	count	expect	max.err	error counts
5	173482	22349.4	0	173482
6	166825	5587.3	0	166825
7	146092	1396.8	0	146092
8	158774	349.2	0	158774
9	138273	87.3	0	137647 626
10	142211	21.8	1	139033 3178
11	142992	5.5	1	138787 4205
12	139135	1.4	1	135643 3492
13	139390	0.3	1	135528 3862
14	128734	0.3	1	124861 3873
15	127196	0.3	1	123701 3495
16	127009	0.3	1	123251 3758
17	127960	0.3	1	123581 4379
18	132195	0.3	1	128792 3403
19	113006	0.3	1	110216 2790
20	117269	0.3	1	114100 3169
21	119226	0.3	1	116012 3214
22	120594	0.3	1	117479 3115
23	123286	0.3	1	120018 3268
24	114865	0.3	1	111174 3691
25	113589	0.3	1	110404 3185
26	106899	0.3	1	104390 2509
27	103040	0.3	1	100462 2578
28	106153	0.3	1	103276 2877
29	113110	0.3	1	109861 3249
30	102142	0.3	1	99587 2555
31	104158	0.3	1	101677 2481
32	101107	0.3	1	98683 2424
33	98378	0.3	1	95616 2762
34	98239	0.3	1	95564 2675
35	84439	0.3	1	82514 1925
36	92819	0.3	1	90509 2310
37	84316	0.3	1	81989 2327
38	75615	0.3	1	73830 1785
39	70037	0.3	1	67976 2061
40	66731	0.3	1	64579 2152
41	65324	0.3	1	63577 1747
42	62749	0.3	1	61243 1506
43	57452	0.3	1	55777 1675
44	56483	0.3	1	54786 1697
45	87039	0.3	1	85636 1403
46	13201	0.3	1	12458 743
47	42414	0.3	1	41515 899
48	53157	0.3	1	51798 1359
49	47714	0.3	1	46597 1117
50	38652	0.3	1	37665 987
51	42346	0.3	1	41278 1068
52	36186	0.3	1	35307 879
53	30041	0.3	1	29332 709
54	30883	0.3	1	30016 867
55	35261	0.3	1	34411 850
56	27953	0.3	1	27282 671
57	26903	0.3	1	26324 579
58	28449	0.3	1	27824 625
59	23467	0.3	1	22970 497
60	14004	0.3	1	13673 331
61	11738	0.3	1	11339 399
62	24341	0.3	1	23803 538
63	14164	0.3	1	13770 394
64	13141	0.3	1	12852 289
65	9180	0.3	1	8867 313
66	20522	0.3	1	20107 415
67	11081	0.3	1	10761 320
68	14222	0.3	1	13920 302
69	6983	0.3	1	6790 193
70	3578	0.3	1	3476 102
71	1024	0.3	1	963 61
72	2281	0.3	1	2204 77
73	4665	0.3	1	4574 91
74	4871	0.3	1	4722 149
75	4453	0.3	1	4329 124
76	3932	0.3	1	3833 99
77	3637	0.3	1	3524 113
78	3498	0.3	1	3379 119
79	2916	0.3	1	2831 85
80	2731	0.3	1	2631 100
81	2499	0.3	1	2346 153
82	2210	0.3	1	2100 110
83	1806	0.3	1	1731 75
84	1615	0.3	1	1550 65
85	1444	0.3	1	1392 52
86	1318	0.3	1	1193 125
87	1415	0.3	1	1306 109
88	1370	0.3	1	1179 191
89	1344	0.3	1	1157 187
90	1100	0.3	1	1001 99
91	1089	0.3	1	1002 87
92	852	0.3	1	779 73
93	892	0.3	1	721 171
94	856	0.3	1	743 113
95	818	0.3	1	729 89
96	792	0.3	1	639 153
97	665	0.3	1	593 72
98	521	0.3	1	465 56
99	497	0.3	1	440 57
100	470	0.3	1	429 41
101	523	0.3	1	425 98
102	371	0.3	1	341 30
103	366	0.3	1	314 52
104	378	0.3	1	318 60
105	326	0.3	1	300 26
106	299	0.3	1	268 31
107	284	0.3	1	250 34
108	240	0.3	1	224 16
109	265	0.3	1	237 28
110	306	0.3	1	292 14
111	285	0.3	1	279 6
112	209	0.3	1	199 10
113	194	0.3	1	172 22
114	176	0.3	1	149 27
115	140	0.3	1	122 18
116	153	0.3	1	130 23
117	133	0.3	1	112 21
118	147	0.3	1	126 21
119	136	0.3	1	113 23
120	136	0.3	1	125 11
121	102	0.3	1	91 11
122	106	0.3	1	88 18
123	78	0.3	1	63 15
124	59	0.3	1	43 16
125	66	0.3	1	48 18
126	57	0.3	1	45 12
127	62	0.3	1	49 13
128	74	0.3	1	48 26
129	55	0.3	1	28 27
130	81	0.3	1	26 55
131	99	0.3	1	28 71
132	122	0.3	1	34 88
133	95	0.3	1	32 63
134	50	0.3	1	16 34
135	50	0.3	1	24 26
136	45	0.3	1	25 20
137	35	0.3	1	19 16
138	45	0.3	1	19 26
139	49	0.3	1	14 35
140	65	0.3	1	12 53
141	67	0.3	1	14 53
142	226	0.3	1	10 216
143	332	0.3	1	1 331
144	349	0.3	1	7 342
145	36	0.3	1	0 36
146	42	0.3	1	4 38
147	25	0.3	1	3 22
148	46	0.3	1	2 44
149	16	0.3	1	1 15
150	6	0.3	1	0 6
151	4	0.3	1	0 4

RUN STATISTICS FOR INPUT FILE: /home/george_a/Documentos/Mtb_UAM_unizar/Analysis/Outputs/2_Reports/raw_fastqc/03_12_AN_F2C14_1.fastq.gz
=============================================
22885775 sequences processed in total

