
SUMMARISING RUN PARAMETERS
==========================
Input filename: /home/george_a/Documentos/Mtb_UAM_unizar/Analysis/Outputs/2_Reports/raw_fastqc/19_01_ANmF2C12_1.fastq.gz
Trimming mode: paired-end
Trim Galore version: 0.6.7
Cutadapt version: 3.5
Python version: 3.10.6
Number of cores used for trimming: 7
Quality Phred score cutoff: 20
Quality encoding type selected: ASCII+33
Using Illumina adapter for trimming (count: 190150). Second best hit was smallRNA (count: 3)
Adapter sequence: 'AGATCGGAAGAGC' (Illumina TruSeq, Sanger iPCR; auto-detected)
Maximum trimming error rate: 0.1 (default)
Minimum required adapter overlap (stringency): 5 bp
Minimum required sequence length for both reads before a sequence pair gets removed: 20 bp
Removing Ns from the start and end of reads
Running FastQC on the data once trimming has completed
Output file will be GZIP compressed


This is cutadapt 3.5 with Python 3.10.6
Command line parameters: -j 7 -e 0.1 -q 20 -O 5 --trim-n -a AGATCGGAAGAGC /home/george_a/Documentos/Mtb_UAM_unizar/Analysis/Outputs/2_Reports/raw_fastqc/19_01_ANmF2C12_1.fastq.gz
Processing reads on 7 cores in single-end mode ...
Finished in 65.85 s (3 µs/read; 21.54 M reads/minute).

=== Summary ===

Total reads processed:              23,639,771
Reads with adapters:                 5,984,154 (25.3%)
Reads written (passing filters):    23,639,771 (100.0%)

Total basepairs processed: 3,569,605,421 bp
Quality-trimmed:               4,141,153 bp (0.1%)
Total written (filtered):  3,412,399,565 bp (95.6%)

=== Adapter 1 ===

Sequence: AGATCGGAAGAGC; Type: regular 3'; Length: 13; Trimmed: 5984154 times

Minimum overlap: 5
No. of allowed errors:
1-9 bp: 0; 10-13 bp: 1

Bases preceding removed adapters:
  A: 6.8%
  C: 48.5%
  G: 36.0%
  T: 8.7%
  none/other: 0.0%

Overview of removed sequences
length	count	expect	max.err	error counts
5	171353	23085.7	0	171353
6	191903	5771.4	0	191903
7	167576	1442.9	0	167576
8	194632	360.7	0	194632
9	172321	90.2	0	171922 399
10	166874	22.5	1	163037 3837
11	177463	5.6	1	172002 5461
12	177734	1.4	1	173088 4646
13	195301	0.4	1	190272 5029
14	159776	0.4	1	154384 5392
15	170286	0.4	1	165434 4852
16	142390	0.4	1	137696 4694
17	150192	0.4	1	144635 5557
18	153513	0.4	1	149383 4130
19	127434	0.4	1	124281 3153
20	131723	0.4	1	127908 3815
21	131888	0.4	1	128107 3781
22	155930	0.4	1	152014 3916
23	140935	0.4	1	136853 4082
24	127630	0.4	1	123044 4586
25	118770	0.4	1	115296 3474
26	118681	0.4	1	115926 2755
27	106308	0.4	1	103131 3177
28	122305	0.4	1	119084 3221
29	107185	0.4	1	103898 3287
30	106307	0.4	1	103764 2543
31	104915	0.4	1	102596 2319
32	103778	0.4	1	101021 2757
33	116048	0.4	1	113049 2999
34	105868	0.4	1	102727 3141
35	109074	0.4	1	106490 2584
36	107980	0.4	1	105679 2301
37	116076	0.4	1	113587 2489
38	102299	0.4	1	99800 2499
39	85874	0.4	1	83353 2521
40	75564	0.4	1	73012 2552
41	73159	0.4	1	71461 1698
42	77535	0.4	1	75537 1998
43	77046	0.4	1	74814 2232
44	60199	0.4	1	58160 2039
45	117409	0.4	1	115085 2324
46	19610	0.4	1	18723 887
47	32252	0.4	1	31171 1081
48	155293	0.4	1	152709 2584
49	38397	0.4	1	37311 1086
50	12450	0.4	1	11828 622
51	66027	0.4	1	64758 1269
52	45449	0.4	1	44538 911
53	11641	0.4	1	11261 380
54	36276	0.4	1	35391 885
55	84292	0.4	1	83061 1231
56	20693	0.4	1	20183 510
57	11626	0.4	1	11355 271
58	7654	0.4	1	7437 217
59	17482	0.4	1	17146 336
60	1505	0.4	1	1401 104
61	3362	0.4	1	3187 175
62	27339	0.4	1	26922 417
63	3066	0.4	1	2944 122
64	2421	0.4	1	2332 89
65	4587	0.4	1	4443 144
66	16504	0.4	1	16241 263
67	1032	0.4	1	958 74
68	3501	0.4	1	3424 77
69	2355	0.4	1	2303 52
70	1171	0.4	1	1110 61
71	387	0.4	1	357 30
72	1364	0.4	1	1317 47
73	3085	0.4	1	3010 75
74	3471	0.4	1	3403 68
75	3180	0.4	1	3096 84
76	2897	0.4	1	2828 69
77	2532	0.4	1	2455 77
78	2413	0.4	1	2336 77
79	1682	0.4	1	1627 55
80	1836	0.4	1	1763 73
81	1881	0.4	1	1827 54
82	1568	0.4	1	1516 52
83	1132	0.4	1	1081 51
84	923	0.4	1	882 41
85	754	0.4	1	724 30
86	761	0.4	1	722 39
87	681	0.4	1	627 54
88	612	0.4	1	536 76
89	625	0.4	1	570 55
90	478	0.4	1	443 35
91	484	0.4	1	450 34
92	459	0.4	1	419 40
93	378	0.4	1	334 44
94	379	0.4	1	320 59
95	329	0.4	1	282 47
96	378	0.4	1	272 106
97	280	0.4	1	251 29
98	242	0.4	1	187 55
99	243	0.4	1	201 42
100	165	0.4	1	137 28
101	248	0.4	1	168 80
102	139	0.4	1	127 12
103	166	0.4	1	133 33
104	135	0.4	1	107 28
105	137	0.4	1	114 23
106	115	0.4	1	98 17
107	135	0.4	1	95 40
108	93	0.4	1	79 14
109	82	0.4	1	66 16
110	102	0.4	1	88 14
111	75	0.4	1	61 14
112	81	0.4	1	67 14
113	72	0.4	1	57 15
114	84	0.4	1	75 9
115	65	0.4	1	55 10
116	71	0.4	1	59 12
117	77	0.4	1	60 17
118	59	0.4	1	50 9
119	73	0.4	1	51 22
120	49	0.4	1	41 8
121	39	0.4	1	29 10
122	54	0.4	1	32 22
123	62	0.4	1	53 9
124	68	0.4	1	47 21
125	38	0.4	1	28 10
126	45	0.4	1	33 12
127	45	0.4	1	32 13
128	45	0.4	1	26 19
129	40	0.4	1	20 20
130	39	0.4	1	27 12
131	65	0.4	1	32 33
132	52	0.4	1	20 32
133	49	0.4	1	20 29
134	40	0.4	1	16 24
135	20	0.4	1	5 15
136	31	0.4	1	25 6
137	26	0.4	1	15 11
138	46	0.4	1	27 19
139	28	0.4	1	11 17
140	14	0.4	1	5 9
141	22	0.4	1	6 16
142	55	0.4	1	7 48
143	83	0.4	1	2 81
144	131	0.4	1	1 130
145	13	0.4	1	2 11
146	20	0.4	1	0 20
147	9	0.4	1	0 9
148	38	0.4	1	2 36
149	4	0.4	1	1 3
150	2	0.4	1	0 2
151	55	0.4	1	0 55

RUN STATISTICS FOR INPUT FILE: /home/george_a/Documentos/Mtb_UAM_unizar/Analysis/Outputs/2_Reports/raw_fastqc/19_01_ANmF2C12_1.fastq.gz
=============================================
23639771 sequences processed in total

