
SUMMARISING RUN PARAMETERS
==========================
Input filename: /home/george_a/Documentos/Mtb_UAM_unizar/Analysis/Outputs/2_Reports/raw_fastqc/2_1.fastq.gz
Trimming mode: paired-end
Trim Galore version: 0.6.7
Cutadapt version: 3.5
Python version: 3.10.6
Number of cores used for trimming: 7
Quality Phred score cutoff: 20
Quality encoding type selected: ASCII+33
Using Illumina adapter for trimming (count: 131369). Second best hit was smallRNA (count: 60)
Adapter sequence: 'AGATCGGAAGAGC' (Illumina TruSeq, Sanger iPCR; auto-detected)
Maximum trimming error rate: 0.1 (default)
Minimum required adapter overlap (stringency): 5 bp
Minimum required sequence length for both reads before a sequence pair gets removed: 20 bp
Removing Ns from the start and end of reads
Running FastQC on the data once trimming has completed
Output file will be GZIP compressed


This is cutadapt 3.5 with Python 3.10.6
Command line parameters: -j 7 -e 0.1 -q 20 -O 5 --trim-n -a AGATCGGAAGAGC /home/george_a/Documentos/Mtb_UAM_unizar/Analysis/Outputs/2_Reports/raw_fastqc/2_1.fastq.gz
Processing reads on 7 cores in single-end mode ...
Finished in 107.91 s (4 µs/read; 16.56 M reads/minute).

=== Summary ===

Total reads processed:              29,780,434
Reads with adapters:                 5,504,084 (18.5%)
Reads written (passing filters):    29,780,434 (100.0%)

Total basepairs processed: 4,496,845,534 bp
Quality-trimmed:               9,360,507 bp (0.2%)
Total written (filtered):  4,354,350,617 bp (96.8%)

=== Adapter 1 ===

Sequence: AGATCGGAAGAGC; Type: regular 3'; Length: 13; Trimmed: 5504084 times

Minimum overlap: 5
No. of allowed errors:
1-9 bp: 0; 10-13 bp: 1

Bases preceding removed adapters:
  A: 9.8%
  C: 38.4%
  G: 43.6%
  T: 8.1%
  none/other: 0.0%

Overview of removed sequences
length	count	expect	max.err	error counts
5	212337	29082.5	0	212337
6	197401	7270.6	0	197401
7	179955	1817.7	0	179955
8	193064	454.4	0	193064
9	174393	113.6	0	173916 477
10	169622	28.4	1	165225 4397
11	177815	7.1	1	169453 8362
12	166327	1.8	1	161182 5145
13	166522	0.4	1	160452 6070
14	157564	0.4	1	150626 6938
15	151820	0.4	1	145778 6042
16	146901	0.4	1	140278 6623
17	156581	0.4	1	147763 8818
18	149786	0.4	1	145420 4366
19	120071	0.4	1	116524 3547
20	132791	0.4	1	127700 5091
21	129824	0.4	1	125706 4118
22	125958	0.4	1	121894 4064
23	128986	0.4	1	124469 4517
24	132584	0.4	1	125673 6911
25	125945	0.4	1	121151 4794
26	108137	0.4	1	105244 2893
27	110695	0.4	1	107126 3569
28	109911	0.4	1	105729 4182
29	108859	0.4	1	104170 4689
30	102238	0.4	1	99468 2770
31	98594	0.4	1	95666 2928
32	100745	0.4	1	97712 3033
33	92834	0.4	1	89162 3672
34	92838	0.4	1	89246 3592
35	94317	0.4	1	89660 4657
36	84562	0.4	1	82278 2284
37	82491	0.4	1	79575 2916
38	75292	0.4	1	72958 2334
39	71168	0.4	1	68148 3020
40	62347	0.4	1	60177 2170
41	66085	0.4	1	63504 2581
42	59462	0.4	1	57400 2062
43	53453	0.4	1	51687 1766
44	54475	0.4	1	51978 2497
45	76560	0.4	1	74970 1590
46	13187	0.4	1	12511 676
47	34921	0.4	1	34059 862
48	52316	0.4	1	50505 1811
49	40442	0.4	1	39247 1195
50	21345	0.4	1	20622 723
51	37629	0.4	1	36220 1409
52	28949	0.4	1	28117 832
53	20834	0.4	1	20268 566
54	23819	0.4	1	23064 755
55	35474	0.4	1	34425 1049
56	21999	0.4	1	21378 621
57	18420	0.4	1	17938 482
58	18100	0.4	1	17673 427
59	20558	0.4	1	20018 540
60	5540	0.4	1	5387 153
61	5977	0.4	1	5753 224
62	19829	0.4	1	19244 585
63	7402	0.4	1	7183 219
64	5880	0.4	1	5734 146
65	5490	0.4	1	5286 204
66	16189	0.4	1	15785 404
67	3410	0.4	1	3276 134
68	5551	0.4	1	5401 150
69	1875	0.4	1	1796 79
70	746	0.4	1	713 33
71	762	0.4	1	719 43
72	1768	0.4	1	1707 61
73	2630	0.4	1	2550 80
74	2818	0.4	1	2671 147
75	2355	0.4	1	2266 89
76	2324	0.4	1	2234 90
77	1912	0.4	1	1828 84
78	1848	0.4	1	1760 88
79	1525	0.4	1	1459 66
80	1420	0.4	1	1346 74
81	1243	0.4	1	1149 94
82	1111	0.4	1	1014 97
83	918	0.4	1	856 62
84	823	0.4	1	778 45
85	691	0.4	1	655 36
86	705	0.4	1	632 73
87	707	0.4	1	599 108
88	775	0.4	1	579 196
89	711	0.4	1	509 202
90	598	0.4	1	501 97
91	527	0.4	1	431 96
92	528	0.4	1	437 91
93	549	0.4	1	383 166
94	442	0.4	1	363 79
95	387	0.4	1	335 52
96	437	0.4	1	303 134
97	331	0.4	1	269 62
98	284	0.4	1	219 65
99	228	0.4	1	185 43
100	216	0.4	1	191 25
101	269	0.4	1	183 86
102	206	0.4	1	171 35
103	203	0.4	1	142 61
104	166	0.4	1	117 49
105	170	0.4	1	132 38
106	160	0.4	1	110 50
107	135	0.4	1	97 38
108	134	0.4	1	98 36
109	110	0.4	1	92 18
110	120	0.4	1	98 22
111	129	0.4	1	123 6
112	98	0.4	1	85 13
113	70	0.4	1	57 13
114	85	0.4	1	55 30
115	63	0.4	1	56 7
116	77	0.4	1	51 26
117	61	0.4	1	40 21
118	61	0.4	1	50 11
119	59	0.4	1	45 14
120	59	0.4	1	45 14
121	50	0.4	1	34 16
122	46	0.4	1	28 18
123	40	0.4	1	25 15
124	70	0.4	1	45 25
125	61	0.4	1	41 20
126	42	0.4	1	25 17
127	52	0.4	1	37 15
128	62	0.4	1	37 25
129	61	0.4	1	27 34
130	81	0.4	1	34 47
131	75	0.4	1	33 42
132	167	0.4	1	29 138
133	118	0.4	1	22 96
134	71	0.4	1	17 54
135	71	0.4	1	21 50
136	47	0.4	1	30 17
137	48	0.4	1	17 31
138	50	0.4	1	20 30
139	43	0.4	1	15 28
140	42	0.4	1	14 28
141	36	0.4	1	9 27
142	121	0.4	1	11 110
143	272	0.4	1	9 263
144	457	0.4	1	4 453
145	26	0.4	1	3 23
146	64	0.4	1	6 58
147	27	0.4	1	3 24
148	71	0.4	1	5 66
149	11	0.4	1	1 10
150	6	0.4	1	0 6
151	496	0.4	1	0 496

RUN STATISTICS FOR INPUT FILE: /home/george_a/Documentos/Mtb_UAM_unizar/Analysis/Outputs/2_Reports/raw_fastqc/2_1.fastq.gz
=============================================
29780434 sequences processed in total

