
SUMMARISING RUN PARAMETERS
==========================
Input filename: /home/george_a/Documentos/Mtb_UAM_unizar/Analysis/Outputs/2_Reports/raw_fastqc/19_10_AN_F2C8_1.fastq.gz
Trimming mode: paired-end
Trim Galore version: 0.6.7
Cutadapt version: 3.5
Python version: 3.10.6
Number of cores used for trimming: 7
Quality Phred score cutoff: 20
Quality encoding type selected: ASCII+33
Using Illumina adapter for trimming (count: 167314). Second best hit was smallRNA (count: 9)
Adapter sequence: 'AGATCGGAAGAGC' (Illumina TruSeq, Sanger iPCR; auto-detected)
Maximum trimming error rate: 0.1 (default)
Minimum required adapter overlap (stringency): 5 bp
Minimum required sequence length for both reads before a sequence pair gets removed: 20 bp
Removing Ns from the start and end of reads
Running FastQC on the data once trimming has completed
Output file will be GZIP compressed


This is cutadapt 3.5 with Python 3.10.6
Command line parameters: -j 7 -e 0.1 -q 20 -O 5 --trim-n -a AGATCGGAAGAGC /home/george_a/Documentos/Mtb_UAM_unizar/Analysis/Outputs/2_Reports/raw_fastqc/19_10_AN_F2C8_1.fastq.gz
Processing reads on 7 cores in single-end mode ...
Finished in 86.52 s (3 µs/read; 20.11 M reads/minute).

=== Summary ===

Total reads processed:              29,000,544
Reads with adapters:                 6,455,526 (22.3%)
Reads written (passing filters):    29,000,544 (100.0%)

Total basepairs processed: 4,379,082,144 bp
Quality-trimmed:               4,849,532 bp (0.1%)
Total written (filtered):  4,204,666,443 bp (96.0%)

=== Adapter 1 ===

Sequence: AGATCGGAAGAGC; Type: regular 3'; Length: 13; Trimmed: 6455526 times

Minimum overlap: 5
No. of allowed errors:
1-9 bp: 0; 10-13 bp: 1

Bases preceding removed adapters:
  A: 7.2%
  C: 45.9%
  G: 38.4%
  T: 8.4%
  none/other: 0.0%

Overview of removed sequences
length	count	expect	max.err	error counts
5	194756	28320.8	0	194756
6	195712	7080.2	0	195712
7	170718	1770.1	0	170718
8	201522	442.5	0	201522
9	175140	110.6	0	174169 971
10	174878	27.7	1	171009 3869
11	187591	6.9	1	180888 6703
12	181401	1.7	1	176587 4814
13	190251	0.4	1	184992 5259
14	163443	0.4	1	157001 6442
15	166525	0.4	1	161284 5241
16	167303	0.4	1	161730 5573
17	168105	0.4	1	161406 6699
18	174660	0.4	1	170351 4309
19	125392	0.4	1	121647 3745
20	144314	0.4	1	139961 4353
21	146380	0.4	1	141877 4503
22	139634	0.4	1	135880 3754
23	164258	0.4	1	159621 4637
24	144039	0.4	1	137553 6486
25	145013	0.4	1	140734 4279
26	120066	0.4	1	117033 3033
27	127831	0.4	1	124177 3654
28	126645	0.4	1	122916 3729
29	130603	0.4	1	126117 4486
30	129942	0.4	1	126933 3009
31	115506	0.4	1	112642 2864
32	118164	0.4	1	115062 3102
33	122551	0.4	1	119104 3447
34	116491	0.4	1	113144 3347
35	125792	0.4	1	122362 3430
36	106127	0.4	1	103780 2347
37	103085	0.4	1	99659 3426
38	104255	0.4	1	101967 2288
39	95532	0.4	1	93023 2509
40	82244	0.4	1	79775 2469
41	93363	0.4	1	90564 2799
42	75248	0.4	1	73321 1927
43	73353	0.4	1	70430 2923
44	78992	0.4	1	76437 2555
45	96596	0.4	1	94491 2105
46	21768	0.4	1	21030 738
47	50410	0.4	1	49195 1215
48	62693	0.4	1	61084 1609
49	54804	0.4	1	53323 1481
50	53261	0.4	1	51904 1357
51	59565	0.4	1	57907 1658
52	41006	0.4	1	39961 1045
53	35283	0.4	1	34431 852
54	36390	0.4	1	35300 1090
55	43028	0.4	1	41916 1112
56	33014	0.4	1	32170 844
57	31967	0.4	1	31205 762
58	33462	0.4	1	32722 740
59	28494	0.4	1	27701 793
60	14489	0.4	1	14158 331
61	13041	0.4	1	12669 372
62	26251	0.4	1	25646 605
63	16259	0.4	1	15907 352
64	14346	0.4	1	14005 341
65	10882	0.4	1	10588 294
66	19573	0.4	1	19143 430
67	11346	0.4	1	11045 301
68	16130	0.4	1	15813 317
69	6805	0.4	1	6642 163
70	3569	0.4	1	3456 113
71	1338	0.4	1	1274 64
72	2686	0.4	1	2613 73
73	4732	0.4	1	4592 140
74	4855	0.4	1	4716 139
75	4055	0.4	1	3952 103
76	3846	0.4	1	3746 100
77	3272	0.4	1	3164 108
78	3194	0.4	1	3062 132
79	2512	0.4	1	2412 100
80	2390	0.4	1	2291 99
81	2276	0.4	1	2196 80
82	2275	0.4	1	2152 123
83	1601	0.4	1	1515 86
84	1309	0.4	1	1241 68
85	1115	0.4	1	1058 57
86	1048	0.4	1	993 55
87	986	0.4	1	923 63
88	897	0.4	1	816 81
89	904	0.4	1	823 81
90	761	0.4	1	701 60
91	611	0.4	1	570 41
92	538	0.4	1	489 49
93	490	0.4	1	422 68
94	436	0.4	1	359 77
95	375	0.4	1	300 75
96	481	0.4	1	281 200
97	305	0.4	1	278 27
98	323	0.4	1	246 77
99	269	0.4	1	219 50
100	244	0.4	1	220 24
101	249	0.4	1	213 36
102	194	0.4	1	164 30
103	154	0.4	1	126 28
104	197	0.4	1	137 60
105	137	0.4	1	113 24
106	110	0.4	1	88 22
107	135	0.4	1	99 36
108	103	0.4	1	73 30
109	97	0.4	1	82 15
110	114	0.4	1	90 24
111	77	0.4	1	65 12
112	96	0.4	1	80 16
113	102	0.4	1	72 30
114	81	0.4	1	71 10
115	80	0.4	1	60 20
116	65	0.4	1	61 4
117	96	0.4	1	41 55
118	58	0.4	1	48 10
119	62	0.4	1	42 20
120	52	0.4	1	37 15
121	59	0.4	1	45 14
122	72	0.4	1	34 38
123	75	0.4	1	55 20
124	70	0.4	1	37 33
125	42	0.4	1	30 12
126	42	0.4	1	35 7
127	76	0.4	1	53 23
128	51	0.4	1	23 28
129	52	0.4	1	27 25
130	48	0.4	1	30 18
131	84	0.4	1	44 40
132	64	0.4	1	29 35
133	130	0.4	1	42 88
134	65	0.4	1	33 32
135	53	0.4	1	28 25
136	54	0.4	1	42 12
137	38	0.4	1	29 9
138	77	0.4	1	48 29
139	38	0.4	1	19 19
140	22	0.4	1	5 17
141	39	0.4	1	9 30
142	87	0.4	1	24 63
143	127	0.4	1	10 117
144	175	0.4	1	4 171
145	14	0.4	1	5 9
146	44	0.4	1	9 35
147	17	0.4	1	7 10
148	59	0.4	1	15 44
149	8	0.4	1	0 8
150	2	0.4	1	0 2
151	102	0.4	1	1 101

RUN STATISTICS FOR INPUT FILE: /home/george_a/Documentos/Mtb_UAM_unizar/Analysis/Outputs/2_Reports/raw_fastqc/19_10_AN_F2C8_1.fastq.gz
=============================================
29000544 sequences processed in total

