
SUMMARISING RUN PARAMETERS
==========================
Input filename: /home/george_a/Documentos/Mtb_UAM_unizar/Analysis/Outputs/2_Reports/raw_fastqc/03_12_ANmF1C14_1.fastq.gz
Trimming mode: paired-end
Trim Galore version: 0.6.7
Cutadapt version: 3.5
Python version: 3.10.6
Number of cores used for trimming: 7
Quality Phred score cutoff: 20
Quality encoding type selected: ASCII+33
Using Illumina adapter for trimming (count: 242830). Second best hit was smallRNA (count: 14)
Adapter sequence: 'AGATCGGAAGAGC' (Illumina TruSeq, Sanger iPCR; auto-detected)
Maximum trimming error rate: 0.1 (default)
Minimum required adapter overlap (stringency): 5 bp
Minimum required sequence length for both reads before a sequence pair gets removed: 20 bp
Removing Ns from the start and end of reads
Running FastQC on the data once trimming has completed
Output file will be GZIP compressed


This is cutadapt 3.5 with Python 3.10.6
Command line parameters: -j 7 -e 0.1 -q 20 -O 5 --trim-n -a AGATCGGAAGAGC /home/george_a/Documentos/Mtb_UAM_unizar/Analysis/Outputs/2_Reports/raw_fastqc/03_12_ANmF1C14_1.fastq.gz
Processing reads on 7 cores in single-end mode ...
Finished in 77.38 s (3 µs/read; 18.55 M reads/minute).

=== Summary ===

Total reads processed:              23,923,290
Reads with adapters:                 7,469,234 (31.2%)
Reads written (passing filters):    23,923,290 (100.0%)

Total basepairs processed: 3,612,416,790 bp
Quality-trimmed:               2,672,683 bp (0.1%)
Total written (filtered):  3,396,325,871 bp (94.0%)

=== Adapter 1 ===

Sequence: AGATCGGAAGAGC; Type: regular 3'; Length: 13; Trimmed: 7469234 times

Minimum overlap: 5
No. of allowed errors:
1-9 bp: 0; 10-13 bp: 1

Bases preceding removed adapters:
  A: 10.9%
  C: 38.3%
  G: 40.6%
  T: 10.2%
  none/other: 0.0%

Overview of removed sequences
length	count	expect	max.err	error counts
5	208155	23362.6	0	208155
6	202393	5840.6	0	202393
7	179118	1460.2	0	179118
8	196893	365.0	0	196893
9	169020	91.3	0	168225 795
10	179111	22.8	1	174611 4500
11	179012	5.7	1	173370 5642
12	177239	1.4	1	172247 4992
13	178186	0.4	1	172370 5816
14	164086	0.4	1	158546 5540
15	167765	0.4	1	162307 5458
16	164185	0.4	1	158604 5581
17	168812	0.4	1	162175 6637
18	173844	0.4	1	168618 5226
19	152549	0.4	1	147993 4556
20	159810	0.4	1	154796 5014
21	159913	0.4	1	155180 4733
22	164387	0.4	1	159385 5002
23	168698	0.4	1	163335 5363
24	160162	0.4	1	154398 5764
25	159460	0.4	1	154643 4817
26	151620	0.4	1	147463 4157
27	147248	0.4	1	142770 4478
28	150727	0.4	1	146129 4598
29	162114	0.4	1	156772 5342
30	147900	0.4	1	143804 4096
31	151871	0.4	1	147587 4284
32	147701	0.4	1	143395 4306
33	147294	0.4	1	142979 4315
34	145861	0.4	1	141331 4530
35	137487	0.4	1	133189 4298
36	137431	0.4	1	133467 3964
37	128288	0.4	1	124266 4022
38	125155	0.4	1	120531 4624
39	114653	0.4	1	111177 3476
40	102970	0.4	1	100036 2934
41	97966	0.4	1	94785 3181
42	103937	0.4	1	100690 3247
43	104616	0.4	1	101181 3435
44	81977	0.4	1	79094 2883
45	150121	0.4	1	147231 2890
46	19198	0.4	1	17825 1373
47	73784	0.4	1	71849 1935
48	88156	0.4	1	85603 2553
49	79506	0.4	1	77327 2179
50	73197	0.4	1	71110 2087
51	72330	0.4	1	70208 2122
52	64287	0.4	1	62543 1744
53	55640	0.4	1	54174 1466
54	56094	0.4	1	54341 1753
55	60760	0.4	1	58997 1763
56	51053	0.4	1	49542 1511
57	50098	0.4	1	48718 1380
58	52677	0.4	1	51364 1313
59	38091	0.4	1	36946 1145
60	31564	0.4	1	30771 793
61	23720	0.4	1	22925 795
62	39618	0.4	1	38602 1016
63	28086	0.4	1	27302 784
64	24775	0.4	1	24122 653
65	16039	0.4	1	15461 578
66	33322	0.4	1	32512 810
67	23309	0.4	1	22613 696
68	27952	0.4	1	27332 620
69	11466	0.4	1	11124 342
70	5975	0.4	1	5809 166
71	2244	0.4	1	2138 106
72	4465	0.4	1	4337 128
73	8165	0.4	1	7942 223
74	8212	0.4	1	7967 245
75	7462	0.4	1	7253 209
76	6604	0.4	1	6431 173
77	5897	0.4	1	5725 172
78	5790	0.4	1	5556 234
79	4449	0.4	1	4322 127
80	4476	0.4	1	4286 190
81	3841	0.4	1	3627 214
82	3321	0.4	1	3150 171
83	2708	0.4	1	2588 120
84	2325	0.4	1	2227 98
85	2030	0.4	1	1959 71
86	1968	0.4	1	1819 149
87	1899	0.4	1	1745 154
88	1974	0.4	1	1697 277
89	1846	0.4	1	1568 278
90	1599	0.4	1	1475 124
91	1455	0.4	1	1350 105
92	1138	0.4	1	1073 65
93	1241	0.4	1	1026 215
94	1177	0.4	1	996 181
95	1000	0.4	1	923 77
96	967	0.4	1	821 146
97	776	0.4	1	712 64
98	653	0.4	1	591 62
99	613	0.4	1	546 67
100	534	0.4	1	494 40
101	565	0.4	1	477 88
102	422	0.4	1	390 32
103	395	0.4	1	355 40
104	473	0.4	1	382 91
105	350	0.4	1	314 36
106	330	0.4	1	288 42
107	294	0.4	1	248 46
108	287	0.4	1	255 32
109	310	0.4	1	286 24
110	313	0.4	1	301 12
111	296	0.4	1	279 17
112	218	0.4	1	206 12
113	186	0.4	1	160 26
114	167	0.4	1	147 20
115	145	0.4	1	134 11
116	145	0.4	1	131 14
117	146	0.4	1	131 15
118	125	0.4	1	121 4
119	121	0.4	1	100 21
120	106	0.4	1	93 13
121	62	0.4	1	51 11
122	74	0.4	1	50 24
123	67	0.4	1	59 8
124	84	0.4	1	65 19
125	70	0.4	1	56 14
126	76	0.4	1	62 14
127	55	0.4	1	42 13
128	81	0.4	1	53 28
129	74	0.4	1	36 38
130	80	0.4	1	19 61
131	127	0.4	1	31 96
132	151	0.4	1	32 119
133	77	0.4	1	28 49
134	76	0.4	1	29 47
135	60	0.4	1	32 28
136	50	0.4	1	35 15
137	53	0.4	1	34 19
138	52	0.4	1	24 28
139	39	0.4	1	10 29
140	77	0.4	1	16 61
141	48	0.4	1	10 38
142	222	0.4	1	9 213
143	278	0.4	1	5 273
144	371	0.4	1	3 368
145	36	0.4	1	4 32
146	41	0.4	1	2 39
147	23	0.4	1	3 20
148	47	0.4	1	3 44
149	13	0.4	1	1 12
150	7	0.4	1	0 7
151	8	0.4	1	0 8

RUN STATISTICS FOR INPUT FILE: /home/george_a/Documentos/Mtb_UAM_unizar/Analysis/Outputs/2_Reports/raw_fastqc/03_12_ANmF1C14_1.fastq.gz
=============================================
23923290 sequences processed in total

