
SUMMARISING RUN PARAMETERS
==========================
Input filename: /home/george_a/Documentos/Mtb_UAM_unizar/Analysis/Outputs/2_Reports/raw_fastqc/12_1_C11R6mF1_1.fastq.gz
Trimming mode: paired-end
Trim Galore version: 0.6.7
Cutadapt version: 3.5
Python version: 3.10.6
Number of cores used for trimming: 7
Quality Phred score cutoff: 20
Quality encoding type selected: ASCII+33
Using Illumina adapter for trimming (count: 182525). Second best hit was smallRNA (count: 23)
Adapter sequence: 'AGATCGGAAGAGC' (Illumina TruSeq, Sanger iPCR; auto-detected)
Maximum trimming error rate: 0.1 (default)
Minimum required adapter overlap (stringency): 5 bp
Minimum required sequence length for both reads before a sequence pair gets removed: 20 bp
Removing Ns from the start and end of reads
Running FastQC on the data once trimming has completed
Output file will be GZIP compressed


This is cutadapt 3.5 with Python 3.10.6
Command line parameters: -j 7 -e 0.1 -q 20 -O 5 --trim-n -a AGATCGGAAGAGC /home/george_a/Documentos/Mtb_UAM_unizar/Analysis/Outputs/2_Reports/raw_fastqc/12_1_C11R6mF1_1.fastq.gz
Processing reads on 7 cores in single-end mode ...
Finished in 104.17 s (3 µs/read; 17.20 M reads/minute).

=== Summary ===

Total reads processed:              29,864,720
Reads with adapters:                 7,414,210 (24.8%)
Reads written (passing filters):    29,864,720 (100.0%)

Total basepairs processed: 4,509,572,720 bp
Quality-trimmed:              11,231,245 bp (0.2%)
Total written (filtered):  4,299,933,401 bp (95.4%)

=== Adapter 1 ===

Sequence: AGATCGGAAGAGC; Type: regular 3'; Length: 13; Trimmed: 7414210 times

Minimum overlap: 5
No. of allowed errors:
1-9 bp: 0; 10-13 bp: 1

Bases preceding removed adapters:
  A: 7.9%
  C: 38.3%
  G: 45.6%
  T: 8.2%
  none/other: 0.0%

Overview of removed sequences
length	count	expect	max.err	error counts
5	231699	29164.8	0	231699
6	224527	7291.2	0	224527
7	207698	1822.8	0	207698
8	232803	455.7	0	232803
9	200792	113.9	0	200169 623
10	198733	28.5	1	193852 4881
11	206558	7.1	1	197955 8603
12	200741	1.8	1	194627 6114
13	209430	0.4	1	202325 7105
14	191215	0.4	1	183319 7896
15	188495	0.4	1	181316 7179
16	185194	0.4	1	177242 7952
17	194563	0.4	1	183562 11001
18	190561	0.4	1	185864 4697
19	146719	0.4	1	142855 3864
20	167305	0.4	1	161392 5913
21	170568	0.4	1	165500 5068
22	155037	0.4	1	150509 4528
23	171896	0.4	1	166358 5538
24	161217	0.4	1	152976 8241
25	160620	0.4	1	155175 5445
26	133173	0.4	1	129883 3290
27	143565	0.4	1	138978 4587
28	148052	0.4	1	142632 5420
29	142549	0.4	1	136613 5936
30	140373	0.4	1	137180 3193
31	124192	0.4	1	120897 3295
32	131273	0.4	1	127780 3493
33	130286	0.4	1	125879 4407
34	126654	0.4	1	122406 4248
35	142781	0.4	1	138134 4647
36	98312	0.4	1	95869 2443
37	110301	0.4	1	106500 3801
38	131369	0.4	1	124348 7021
39	95446	0.4	1	93383 2063
40	104111	0.4	1	100326 3785
41	92157	0.4	1	89857 2300
42	103922	0.4	1	98612 5310
43	100820	0.4	1	96771 4049
44	63106	0.4	1	61341 1765
45	137800	0.4	1	134592 3208
46	16143	0.4	1	15280 863
47	59888	0.4	1	58088 1800
48	162576	0.4	1	158547 4029
49	62364	0.4	1	60751 1613
50	20326	0.4	1	19544 782
51	77211	0.4	1	75249 1962
52	60576	0.4	1	59215 1361
53	27135	0.4	1	26472 663
54	46588	0.4	1	45241 1347
55	110349	0.4	1	108575 1774
56	33598	0.4	1	32799 799
57	30680	0.4	1	30135 545
58	26626	0.4	1	26104 522
59	35013	0.4	1	34312 701
60	5964	0.4	1	5763 201
61	7209	0.4	1	6932 277
62	44934	0.4	1	44085 849
63	10877	0.4	1	10594 283
64	7681	0.4	1	7485 196
65	9808	0.4	1	9511 297
66	35435	0.4	1	34849 586
67	4102	0.4	1	3950 152
68	9878	0.4	1	9685 193
69	4906	0.4	1	4753 153
70	1958	0.4	1	1870 88
71	1451	0.4	1	1387 64
72	4756	0.4	1	4641 115
73	7697	0.4	1	7538 159
74	8750	0.4	1	8492 258
75	7587	0.4	1	7425 162
76	7095	0.4	1	6928 167
77	6339	0.4	1	6146 193
78	5878	0.4	1	5712 166
79	5392	0.4	1	5247 145
80	4700	0.4	1	4577 123
81	4141	0.4	1	3996 145
82	3745	0.4	1	3617 128
83	3299	0.4	1	3197 102
84	2848	0.4	1	2770 78
85	2522	0.4	1	2459 63
86	2199	0.4	1	2115 84
87	2157	0.4	1	2050 107
88	1946	0.4	1	1760 186
89	1997	0.4	1	1821 176
90	1692	0.4	1	1542 150
91	1479	0.4	1	1398 81
92	1268	0.4	1	1167 101
93	1121	0.4	1	995 126
94	1086	0.4	1	1019 67
95	1057	0.4	1	968 89
96	1226	0.4	1	835 391
97	1004	0.4	1	939 65
98	830	0.4	1	651 179
99	695	0.4	1	594 101
100	637	0.4	1	577 60
101	720	0.4	1	587 133
102	482	0.4	1	454 28
103	525	0.4	1	427 98
104	435	0.4	1	385 50
105	404	0.4	1	369 35
106	395	0.4	1	353 42
107	412	0.4	1	348 64
108	293	0.4	1	257 36
109	280	0.4	1	241 39
110	264	0.4	1	236 28
111	227	0.4	1	215 12
112	208	0.4	1	197 11
113	184	0.4	1	158 26
114	176	0.4	1	151 25
115	169	0.4	1	159 10
116	159	0.4	1	131 28
117	171	0.4	1	145 26
118	121	0.4	1	99 22
119	115	0.4	1	90 25
120	107	0.4	1	98 9
121	64	0.4	1	56 8
122	108	0.4	1	68 40
123	121	0.4	1	44 77
124	43	0.4	1	32 11
125	48	0.4	1	35 13
126	55	0.4	1	43 12
127	44	0.4	1	32 12
128	55	0.4	1	28 27
129	107	0.4	1	38 69
130	72	0.4	1	28 44
131	105	0.4	1	25 80
132	193	0.4	1	25 168
133	123	0.4	1	16 107
134	153	0.4	1	19 134
135	97	0.4	1	22 75
136	50	0.4	1	17 33
137	83	0.4	1	18 65
138	105	0.4	1	14 91
139	47	0.4	1	12 35
140	35	0.4	1	5 30
141	54	0.4	1	3 51
142	140	0.4	1	11 129
143	152	0.4	1	1 151
144	592	0.4	1	8 584
145	28	0.4	1	0 28
146	103	0.4	1	12 91
147	60	0.4	1	5 55
148	255	0.4	1	8 247
149	56	0.4	1	10 46
150	17	0.4	1	0 17
151	166	0.4	1	1 165

RUN STATISTICS FOR INPUT FILE: /home/george_a/Documentos/Mtb_UAM_unizar/Analysis/Outputs/2_Reports/raw_fastqc/12_1_C11R6mF1_1.fastq.gz
=============================================
29864720 sequences processed in total

