
SUMMARISING RUN PARAMETERS
==========================
Input filename: /home/george_a/Documentos/Mtb_UAM_unizar/Analysis/Outputs/2_Reports/raw_fastqc/19_01_AN_F1C11_1.fastq.gz
Trimming mode: paired-end
Trim Galore version: 0.6.7
Cutadapt version: 3.5
Python version: 3.10.6
Number of cores used for trimming: 7
Quality Phred score cutoff: 20
Quality encoding type selected: ASCII+33
Using Illumina adapter for trimming (count: 113872). Second best hit was smallRNA (count: 29)
Adapter sequence: 'AGATCGGAAGAGC' (Illumina TruSeq, Sanger iPCR; auto-detected)
Maximum trimming error rate: 0.1 (default)
Minimum required adapter overlap (stringency): 5 bp
Minimum required sequence length for both reads before a sequence pair gets removed: 20 bp
Removing Ns from the start and end of reads
Running FastQC on the data once trimming has completed
Output file will be GZIP compressed


This is cutadapt 3.5 with Python 3.10.6
Command line parameters: -j 7 -e 0.1 -q 20 -O 5 --trim-n -a AGATCGGAAGAGC /home/george_a/Documentos/Mtb_UAM_unizar/Analysis/Outputs/2_Reports/raw_fastqc/19_01_AN_F1C11_1.fastq.gz
Processing reads on 7 cores in single-end mode ...
Finished in 101.74 s (4 µs/read; 16.81 M reads/minute).

=== Summary ===

Total reads processed:              28,509,069
Reads with adapters:                 4,623,541 (16.2%)
Reads written (passing filters):    28,509,069 (100.0%)

Total basepairs processed: 4,304,869,419 bp
Quality-trimmed:               5,092,483 bp (0.1%)
Total written (filtered):  4,191,542,061 bp (97.4%)

=== Adapter 1 ===

Sequence: AGATCGGAAGAGC; Type: regular 3'; Length: 13; Trimmed: 4623541 times

Minimum overlap: 5
No. of allowed errors:
1-9 bp: 0; 10-13 bp: 1

Bases preceding removed adapters:
  A: 7.4%
  C: 39.6%
  G: 42.6%
  T: 10.4%
  none/other: 0.0%

Overview of removed sequences
length	count	expect	max.err	error counts
5	190167	27840.9	0	190167
6	179648	6960.2	0	179648
7	162185	1740.1	0	162185
8	173090	435.0	0	173090
9	151471	108.8	0	150859 612
10	152673	27.2	1	148237 4436
11	152682	6.8	1	146615 6067
12	148754	1.7	1	143961 4793
13	147364	0.4	1	142045 5319
14	136574	0.4	1	130991 5583
15	137062	0.4	1	131962 5100
16	131324	0.4	1	126027 5297
17	133292	0.4	1	126752 6540
18	133608	0.4	1	129421 4187
19	105774	0.4	1	102526 3248
20	113697	0.4	1	109681 4016
21	114632	0.4	1	110752 3880
22	105533	0.4	1	102285 3248
23	110516	0.4	1	106661 3855
24	104909	0.4	1	99890 5019
25	101073	0.4	1	97434 3639
26	87158	0.4	1	84753 2405
27	91254	0.4	1	88133 3121
28	89415	0.4	1	86126 3289
29	89475	0.4	1	85619 3856
30	84841	0.4	1	82302 2539
31	77807	0.4	1	75599 2208
32	77141	0.4	1	74699 2442
33	74794	0.4	1	71912 2882
34	74145	0.4	1	71267 2878
35	68235	0.4	1	66202 2033
36	63285	0.4	1	61572 1713
37	62743	0.4	1	60731 2012
38	59398	0.4	1	56983 2415
39	52818	0.4	1	51150 1668
40	51917	0.4	1	49954 1963
41	50221	0.4	1	48114 2107
42	44326	0.4	1	42989 1337
43	44783	0.4	1	42698 2085
44	43625	0.4	1	41827 1798
45	61009	0.4	1	59565 1444
46	9539	0.4	1	9001 538
47	26088	0.4	1	25339 749
48	35187	0.4	1	34041 1146
49	31448	0.4	1	30485 963
50	23485	0.4	1	22740 745
51	27914	0.4	1	26883 1031
52	22685	0.4	1	21959 726
53	18868	0.4	1	18282 586
54	18599	0.4	1	17895 704
55	21963	0.4	1	21165 798
56	15483	0.4	1	14977 506
57	15798	0.4	1	15323 475
58	16389	0.4	1	15937 452
59	12570	0.4	1	12166 404
60	7410	0.4	1	7163 247
61	5128	0.4	1	4904 224
62	13410	0.4	1	13013 397
63	7896	0.4	1	7655 241
64	6128	0.4	1	5948 180
65	4112	0.4	1	3932 180
66	10703	0.4	1	10394 309
67	4603	0.4	1	4424 179
68	5181	0.4	1	5015 166
69	1577	0.4	1	1518 59
70	651	0.4	1	594 57
71	732	0.4	1	681 51
72	1307	0.4	1	1248 59
73	1967	0.4	1	1879 88
74	1945	0.4	1	1836 109
75	1703	0.4	1	1640 63
76	1522	0.4	1	1445 77
77	1279	0.4	1	1207 72
78	1226	0.4	1	1138 88
79	950	0.4	1	892 58
80	904	0.4	1	817 87
81	771	0.4	1	670 101
82	703	0.4	1	615 88
83	618	0.4	1	562 56
84	551	0.4	1	490 61
85	454	0.4	1	427 27
86	468	0.4	1	364 104
87	453	0.4	1	341 112
88	475	0.4	1	316 159
89	400	0.4	1	265 135
90	322	0.4	1	240 82
91	315	0.4	1	231 84
92	278	0.4	1	201 77
93	316	0.4	1	173 143
94	234	0.4	1	168 66
95	300	0.4	1	162 138
96	498	0.4	1	127 371
97	153	0.4	1	105 48
98	304	0.4	1	127 177
99	221	0.4	1	121 100
100	118	0.4	1	86 32
101	295	0.4	1	105 190
102	130	0.4	1	98 32
103	149	0.4	1	75 74
104	143	0.4	1	84 59
105	80	0.4	1	60 20
106	98	0.4	1	76 22
107	98	0.4	1	63 35
108	121	0.4	1	80 41
109	73	0.4	1	45 28
110	69	0.4	1	47 22
111	69	0.4	1	52 17
112	50	0.4	1	35 15
113	54	0.4	1	33 21
114	66	0.4	1	40 26
115	57	0.4	1	40 17
116	61	0.4	1	42 19
117	78	0.4	1	33 45
118	51	0.4	1	33 18
119	61	0.4	1	39 22
120	51	0.4	1	28 23
121	44	0.4	1	28 16
122	66	0.4	1	36 30
123	74	0.4	1	36 38
124	62	0.4	1	31 31
125	50	0.4	1	39 11
126	37	0.4	1	24 13
127	50	0.4	1	27 23
128	61	0.4	1	27 34
129	88	0.4	1	24 64
130	100	0.4	1	25 75
131	118	0.4	1	19 99
132	177	0.4	1	30 147
133	141	0.4	1	30 111
134	98	0.4	1	16 82
135	66	0.4	1	15 51
136	33	0.4	1	16 17
137	45	0.4	1	11 34
138	86	0.4	1	11 75
139	50	0.4	1	7 43
140	52	0.4	1	7 45
141	48	0.4	1	7 41
142	206	0.4	1	6 200
143	361	0.4	1	3 358
144	558	0.4	1	1 557
145	30	0.4	1	3 27
146	79	0.4	1	2 77
147	26	0.4	1	1 25
148	113	0.4	1	1 112
149	24	0.4	1	2 22
150	14	0.4	1	1 13
151	10	0.4	1	0 10

RUN STATISTICS FOR INPUT FILE: /home/george_a/Documentos/Mtb_UAM_unizar/Analysis/Outputs/2_Reports/raw_fastqc/19_01_AN_F1C11_1.fastq.gz
=============================================
28509069 sequences processed in total

