
SUMMARISING RUN PARAMETERS
==========================
Input filename: /home/george_a/Documentos/Mtb_UAM_unizar/Analysis/Outputs/2_Reports/raw_fastqc/12_1_C11R6mF2_1.fastq.gz
Trimming mode: paired-end
Trim Galore version: 0.6.7
Cutadapt version: 3.5
Python version: 3.10.6
Number of cores used for trimming: 7
Quality Phred score cutoff: 20
Quality encoding type selected: ASCII+33
Using Illumina adapter for trimming (count: 143648). Second best hit was smallRNA (count: 27)
Adapter sequence: 'AGATCGGAAGAGC' (Illumina TruSeq, Sanger iPCR; auto-detected)
Maximum trimming error rate: 0.1 (default)
Minimum required adapter overlap (stringency): 5 bp
Minimum required sequence length for both reads before a sequence pair gets removed: 20 bp
Removing Ns from the start and end of reads
Running FastQC on the data once trimming has completed
Output file will be GZIP compressed


This is cutadapt 3.5 with Python 3.10.6
Command line parameters: -j 7 -e 0.1 -q 20 -O 5 --trim-n -a AGATCGGAAGAGC /home/george_a/Documentos/Mtb_UAM_unizar/Analysis/Outputs/2_Reports/raw_fastqc/12_1_C11R6mF2_1.fastq.gz
Processing reads on 7 cores in single-end mode ...
Finished in 104.63 s (4 µs/read; 17.01 M reads/minute).

=== Summary ===

Total reads processed:              29,654,716
Reads with adapters:                 5,901,008 (19.9%)
Reads written (passing filters):    29,654,716 (100.0%)

Total basepairs processed: 4,477,862,116 bp
Quality-trimmed:              11,418,939 bp (0.3%)
Total written (filtered):  4,313,379,183 bp (96.3%)

=== Adapter 1 ===

Sequence: AGATCGGAAGAGC; Type: regular 3'; Length: 13; Trimmed: 5901008 times

Minimum overlap: 5
No. of allowed errors:
1-9 bp: 0; 10-13 bp: 1

Bases preceding removed adapters:
  A: 8.6%
  C: 36.8%
  G: 46.5%
  T: 8.2%
  none/other: 0.0%

Overview of removed sequences
length	count	expect	max.err	error counts
5	203786	28959.7	0	203786
6	195046	7239.9	0	195046
7	177853	1810.0	0	177853
8	196549	452.5	0	196549
9	171690	113.1	0	171094 596
10	165923	28.3	1	161818 4105
11	174116	7.1	1	166586 7530
12	166412	1.8	1	161422 4990
13	172714	0.4	1	166474 6240
14	155891	0.4	1	149479 6412
15	152752	0.4	1	146803 5949
16	150822	0.4	1	144270 6552
17	160319	0.4	1	151049 9270
18	154097	0.4	1	150291 3806
19	118366	0.4	1	115285 3081
20	134900	0.4	1	129997 4903
21	136656	0.4	1	132530 4126
22	122111	0.4	1	118855 3256
23	137126	0.4	1	132294 4832
24	129739	0.4	1	122894 6845
25	127986	0.4	1	123561 4425
26	103496	0.4	1	100864 2632
27	112819	0.4	1	109232 3587
28	115798	0.4	1	111500 4298
29	111735	0.4	1	106746 4989
30	108540	0.4	1	105942 2598
31	95013	0.4	1	92546 2467
32	103324	0.4	1	100449 2875
33	97678	0.4	1	94456 3222
34	97547	0.4	1	94079 3468
35	104753	0.4	1	99545 5208
36	89079	0.4	1	87164 1915
37	83274	0.4	1	81116 2158
38	88877	0.4	1	85191 3686
39	75211	0.4	1	73391 1820
40	75754	0.4	1	72861 2893
41	73446	0.4	1	71095 2351
42	72761	0.4	1	69651 3110
43	70657	0.4	1	68272 2385
44	61050	0.4	1	58187 2863
45	109014	0.4	1	106580 2434
46	13507	0.4	1	12752 755
47	40830	0.4	1	39420 1410
48	155885	0.4	1	152485 3400
49	40875	0.4	1	39588 1287
50	9605	0.4	1	9040 565
51	63213	0.4	1	61588 1625
52	49307	0.4	1	48236 1071
53	13994	0.4	1	13527 467
54	30802	0.4	1	29890 912
55	84296	0.4	1	82899 1397
56	23337	0.4	1	22743 594
57	14923	0.4	1	14632 291
58	14686	0.4	1	14368 318
59	23885	0.4	1	23392 493
60	2736	0.4	1	2596 140
61	4673	0.4	1	4458 215
62	31034	0.4	1	30448 586
63	5389	0.4	1	5175 214
64	4277	0.4	1	4136 141
65	6780	0.4	1	6544 236
66	22480	0.4	1	22084 396
67	2122	0.4	1	2009 113
68	5265	0.4	1	5132 133
69	3119	0.4	1	3039 80
70	1448	0.4	1	1388 60
71	884	0.4	1	821 63
72	2805	0.4	1	2732 73
73	5169	0.4	1	5055 114
74	6191	0.4	1	5987 204
75	5666	0.4	1	5523 143
76	5200	0.4	1	5047 153
77	4703	0.4	1	4550 153
78	4343	0.4	1	4217 126
79	3845	0.4	1	3749 96
80	3508	0.4	1	3383 125
81	3087	0.4	1	2987 100
82	2663	0.4	1	2544 119
83	2242	0.4	1	2151 91
84	2105	0.4	1	2027 78
85	1836	0.4	1	1765 71
86	1680	0.4	1	1585 95
87	1620	0.4	1	1533 87
88	1536	0.4	1	1360 176
89	1484	0.4	1	1293 191
90	1202	0.4	1	1059 143
91	1040	0.4	1	979 61
92	973	0.4	1	878 95
93	882	0.4	1	723 159
94	817	0.4	1	736 81
95	806	0.4	1	707 99
96	1049	0.4	1	607 442
97	749	0.4	1	663 86
98	659	0.4	1	440 219
99	556	0.4	1	442 114
100	424	0.4	1	372 52
101	558	0.4	1	379 179
102	345	0.4	1	311 34
103	403	0.4	1	292 111
104	338	0.4	1	289 49
105	332	0.4	1	301 31
106	300	0.4	1	252 48
107	357	0.4	1	292 65
108	212	0.4	1	185 27
109	217	0.4	1	171 46
110	158	0.4	1	141 17
111	159	0.4	1	147 12
112	170	0.4	1	147 23
113	135	0.4	1	113 22
114	175	0.4	1	116 59
115	136	0.4	1	119 17
116	128	0.4	1	94 34
117	114	0.4	1	91 23
118	96	0.4	1	75 21
119	87	0.4	1	56 31
120	79	0.4	1	65 14
121	64	0.4	1	49 15
122	91	0.4	1	48 43
123	105	0.4	1	38 67
124	70	0.4	1	36 34
125	38	0.4	1	34 4
126	35	0.4	1	22 13
127	42	0.4	1	29 13
128	66	0.4	1	25 41
129	120	0.4	1	27 93
130	113	0.4	1	20 93
131	133	0.4	1	33 100
132	189	0.4	1	15 174
133	175	0.4	1	18 157
134	149	0.4	1	12 137
135	96	0.4	1	11 85
136	42	0.4	1	15 27
137	65	0.4	1	8 57
138	84	0.4	1	2 82
139	71	0.4	1	12 59
140	41	0.4	1	2 39
141	38	0.4	1	2 36
142	147	0.4	1	9 138
143	184	0.4	1	2 182
144	729	0.4	1	2 727
145	27	0.4	1	0 27
146	121	0.4	1	6 115
147	58	0.4	1	2 56
148	287	0.4	1	13 274
149	59	0.4	1	6 53
150	19	0.4	1	0 19
151	179	0.4	1	1 178

RUN STATISTICS FOR INPUT FILE: /home/george_a/Documentos/Mtb_UAM_unizar/Analysis/Outputs/2_Reports/raw_fastqc/12_1_C11R6mF2_1.fastq.gz
=============================================
29654716 sequences processed in total

