
SUMMARISING RUN PARAMETERS
==========================
Input filename: /home/george_a/Documentos/Mtb_UAM_unizar/Analysis/Outputs/2_Reports/raw_fastqc/12_1_C15R_F1_1.fastq.gz
Trimming mode: paired-end
Trim Galore version: 0.6.7
Cutadapt version: 3.5
Python version: 3.10.6
Number of cores used for trimming: 7
Quality Phred score cutoff: 20
Quality encoding type selected: ASCII+33
Using Illumina adapter for trimming (count: 162100). Second best hit was smallRNA (count: 10)
Adapter sequence: 'AGATCGGAAGAGC' (Illumina TruSeq, Sanger iPCR; auto-detected)
Maximum trimming error rate: 0.1 (default)
Minimum required adapter overlap (stringency): 5 bp
Minimum required sequence length for both reads before a sequence pair gets removed: 20 bp
Removing Ns from the start and end of reads
Running FastQC on the data once trimming has completed
Output file will be GZIP compressed


This is cutadapt 3.5 with Python 3.10.6
Command line parameters: -j 7 -e 0.1 -q 20 -O 5 --trim-n -a AGATCGGAAGAGC /home/george_a/Documentos/Mtb_UAM_unizar/Analysis/Outputs/2_Reports/raw_fastqc/12_1_C15R_F1_1.fastq.gz
Processing reads on 7 cores in single-end mode ...
Finished in 79.69 s (3 µs/read; 22.39 M reads/minute).

=== Summary ===

Total reads processed:              29,731,220
Reads with adapters:                 6,413,189 (21.6%)
Reads written (passing filters):    29,731,220 (100.0%)

Total basepairs processed: 4,489,414,220 bp
Quality-trimmed:               6,629,569 bp (0.1%)
Total written (filtered):  4,306,413,091 bp (95.9%)

=== Adapter 1 ===

Sequence: AGATCGGAAGAGC; Type: regular 3'; Length: 13; Trimmed: 6413189 times

Minimum overlap: 5
No. of allowed errors:
1-9 bp: 0; 10-13 bp: 1

Bases preceding removed adapters:
  A: 6.7%
  C: 49.6%
  G: 35.9%
  T: 7.8%
  none/other: 0.0%

Overview of removed sequences
length	count	expect	max.err	error counts
5	169147	29034.4	0	169147
6	186905	7258.6	0	186905
7	165729	1814.6	0	165729
8	195495	453.7	0	195495
9	164447	113.4	0	162947 1500
10	159054	28.4	1	155362 3692
11	179174	7.1	1	171461 7713
12	180075	1.8	1	174720 5355
13	215608	0.4	1	208793 6815
14	174820	0.4	1	168213 6607
15	172184	0.4	1	166151 6033
16	147151	0.4	1	141400 5751
17	167855	0.4	1	159352 8503
18	154438	0.4	1	150520 3918
19	122821	0.4	1	119681 3140
20	132761	0.4	1	128230 4531
21	131041	0.4	1	127041 4000
22	151216	0.4	1	147169 4047
23	133855	0.4	1	129527 4328
24	135446	0.4	1	128863 6583
25	126614	0.4	1	122220 4394
26	120803	0.4	1	118020 2783
27	109815	0.4	1	106180 3635
28	118380	0.4	1	114452 3928
29	121773	0.4	1	117218 4555
30	115223	0.4	1	112570 2653
31	108442	0.4	1	105800 2642
32	107207	0.4	1	104124 3083
33	120564	0.4	1	117113 3451
34	109506	0.4	1	105334 4172
35	123117	0.4	1	120266 2851
36	106781	0.4	1	103927 2854
37	109457	0.4	1	106559 2898
38	116172	0.4	1	112573 3599
39	105230	0.4	1	101868 3362
40	93088	0.4	1	90556 2532
41	57984	0.4	1	55742 2242
42	79901	0.4	1	78023 1878
43	91349	0.4	1	88421 2928
44	71963	0.4	1	69432 2531
45	120332	0.4	1	117734 2598
46	17362	0.4	1	16614 748
47	31500	0.4	1	30582 918
48	94937	0.4	1	92702 2235
49	62537	0.4	1	61186 1351
50	28898	0.4	1	28022 876
51	67121	0.4	1	65399 1722
52	50706	0.4	1	49497 1209
53	29814	0.4	1	29121 693
54	40462	0.4	1	39268 1194
55	82081	0.4	1	80430 1651
56	39739	0.4	1	38798 941
57	36949	0.4	1	36188 761
58	36502	0.4	1	35784 718
59	39369	0.4	1	38449 920
60	10338	0.4	1	10028 310
61	10592	0.4	1	10225 367
62	51211	0.4	1	50374 837
63	17302	0.4	1	16904 398
64	12530	0.4	1	12219 311
65	10034	0.4	1	9684 350
66	39582	0.4	1	38924 658
67	8213	0.4	1	7958 255
68	13868	0.4	1	13609 259
69	5004	0.4	1	4868 136
70	1603	0.4	1	1523 80
71	1860	0.4	1	1775 85
72	4515	0.4	1	4393 122
73	7400	0.4	1	7209 191
74	8742	0.4	1	8511 231
75	7239	0.4	1	7052 187
76	6500	0.4	1	6331 169
77	5873	0.4	1	5690 183
78	5658	0.4	1	5464 194
79	4653	0.4	1	4500 153
80	4541	0.4	1	4362 179
81	4625	0.4	1	4498 127
82	4026	0.4	1	3911 115
83	3054	0.4	1	2959 95
84	2823	0.4	1	2753 70
85	2108	0.4	1	2037 71
86	2022	0.4	1	1957 65
87	1889	0.4	1	1802 87
88	1759	0.4	1	1647 112
89	1801	0.4	1	1698 103
90	1550	0.4	1	1460 90
91	1430	0.4	1	1355 75
92	1152	0.4	1	1087 65
93	1265	0.4	1	1187 78
94	1140	0.4	1	1089 51
95	1111	0.4	1	1050 61
96	1000	0.4	1	806 194
97	943	0.4	1	901 42
98	838	0.4	1	753 85
99	801	0.4	1	726 75
100	640	0.4	1	594 46
101	697	0.4	1	617 80
102	516	0.4	1	478 38
103	561	0.4	1	519 42
104	475	0.4	1	454 21
105	437	0.4	1	413 24
106	392	0.4	1	364 28
107	488	0.4	1	461 27
108	316	0.4	1	295 21
109	302	0.4	1	293 9
110	302	0.4	1	287 15
111	229	0.4	1	214 15
112	287	0.4	1	275 12
113	230	0.4	1	219 11
114	230	0.4	1	218 12
115	153	0.4	1	146 7
116	235	0.4	1	226 9
117	224	0.4	1	203 21
118	192	0.4	1	186 6
119	186	0.4	1	160 26
120	106	0.4	1	100 6
121	127	0.4	1	116 11
122	110	0.4	1	91 19
123	125	0.4	1	101 24
124	88	0.4	1	73 15
125	98	0.4	1	87 11
126	100	0.4	1	93 7
127	87	0.4	1	82 5
128	84	0.4	1	66 18
129	123	0.4	1	84 39
130	95	0.4	1	65 30
131	119	0.4	1	75 44
132	106	0.4	1	24 82
133	91	0.4	1	27 64
134	78	0.4	1	25 53
135	47	0.4	1	24 23
136	23	0.4	1	13 10
137	32	0.4	1	14 18
138	50	0.4	1	9 41
139	29	0.4	1	11 18
140	20	0.4	1	5 15
141	22	0.4	1	3 19
142	54	0.4	1	8 46
143	68	0.4	1	1 67
144	264	0.4	1	3 261
145	9	0.4	1	0 9
146	35	0.4	1	2 33
147	21	0.4	1	0 21
148	97	0.4	1	7 90
149	18	0.4	1	0 18
150	7	0.4	1	0 7
151	269	0.4	1	1 268

RUN STATISTICS FOR INPUT FILE: /home/george_a/Documentos/Mtb_UAM_unizar/Analysis/Outputs/2_Reports/raw_fastqc/12_1_C15R_F1_1.fastq.gz
=============================================
29731220 sequences processed in total

