
SUMMARISING RUN PARAMETERS
==========================
Input filename: /home/george_a/Documentos/Mtb_UAM_unizar/Analysis/Outputs/2_Reports/raw_fastqc/19_01_ANmF2C11_1.fastq.gz
Trimming mode: paired-end
Trim Galore version: 0.6.7
Cutadapt version: 3.5
Python version: 3.10.6
Number of cores used for trimming: 7
Quality Phred score cutoff: 20
Quality encoding type selected: ASCII+33
Using Illumina adapter for trimming (count: 458326). Second best hit was smallRNA (count: 2)
Adapter sequence: 'AGATCGGAAGAGC' (Illumina TruSeq, Sanger iPCR; auto-detected)
Maximum trimming error rate: 0.1 (default)
Minimum required adapter overlap (stringency): 5 bp
Minimum required sequence length for both reads before a sequence pair gets removed: 20 bp
Removing Ns from the start and end of reads
Running FastQC on the data once trimming has completed
Output file will be GZIP compressed


This is cutadapt 3.5 with Python 3.10.6
Command line parameters: -j 7 -e 0.1 -q 20 -O 5 --trim-n -a AGATCGGAAGAGC /home/george_a/Documentos/Mtb_UAM_unizar/Analysis/Outputs/2_Reports/raw_fastqc/19_01_ANmF2C11_1.fastq.gz
Processing reads on 7 cores in single-end mode ...
Finished in 56.24 s (3 µs/read; 23.72 M reads/minute).

=== Summary ===

Total reads processed:              22,234,995
Reads with adapters:                12,663,286 (57.0%)
Reads written (passing filters):    22,234,995 (100.0%)

Total basepairs processed: 3,357,484,245 bp
Quality-trimmed:               2,121,663 bp (0.1%)
Total written (filtered):  2,937,591,459 bp (87.5%)

=== Adapter 1 ===

Sequence: AGATCGGAAGAGC; Type: regular 3'; Length: 13; Trimmed: 12663286 times

Minimum overlap: 5
No. of allowed errors:
1-9 bp: 0; 10-13 bp: 1

Bases preceding removed adapters:
  A: 11.0%
  C: 53.1%
  G: 26.7%
  T: 9.2%
  none/other: 0.0%

Overview of removed sequences
length	count	expect	max.err	error counts
5	262226	21713.9	0	262226
6	240822	5428.5	0	240822
7	248908	1357.1	0	248908
8	318343	339.3	0	318343
9	220851	84.8	0	220399 452
10	256169	21.2	1	250259 5910
11	234395	5.3	1	227676 6719
12	255830	1.3	1	249286 6544
13	349031	0.3	1	340693 8338
14	254587	0.3	1	237467 17120
15	249051	0.3	1	240769 8282
16	347327	0.3	1	339137 8190
17	219385	0.3	1	213244 6141
18	312736	0.3	1	305814 6922
19	220121	0.3	1	210887 9234
20	228005	0.3	1	220443 7562
21	276274	0.3	1	269043 7231
22	176386	0.3	1	170796 5590
23	298339	0.3	1	291166 7173
24	192653	0.3	1	179089 13564
25	232964	0.3	1	225423 7541
26	187599	0.3	1	182007 5592
27	189040	0.3	1	183985 5055
28	203202	0.3	1	198117 5085
29	163278	0.3	1	155892 7386
30	201935	0.3	1	195931 6004
31	206742	0.3	1	201140 5602
32	171204	0.3	1	165925 5279
33	235091	0.3	1	229592 5499
34	191757	0.3	1	185873 5884
35	233551	0.3	1	228343 5208
36	186464	0.3	1	182030 4434
37	154320	0.3	1	150442 3878
38	215567	0.3	1	210438 5129
39	253232	0.3	1	245770 7462
40	227499	0.3	1	221258 6241
41	325469	0.3	1	318202 7267
42	178643	0.3	1	172462 6181
43	164566	0.3	1	159474 5092
44	160982	0.3	1	156573 4409
45	305406	0.3	1	299657 5749
46	35531	0.3	1	33735 1796
47	109609	0.3	1	106708 2901
48	138022	0.3	1	134843 3179
49	123581	0.3	1	120258 3323
50	147058	0.3	1	143666 3392
51	176298	0.3	1	171592 4706
52	131230	0.3	1	126844 4386
53	108758	0.3	1	105495 3263
54	99537	0.3	1	96164 3373
55	129966	0.3	1	126440 3526
56	126621	0.3	1	123215 3406
57	129338	0.3	1	125953 3385
58	192788	0.3	1	188749 4039
59	102026	0.3	1	97909 4117
60	99279	0.3	1	96353 2926
61	65456	0.3	1	63444 2012
62	92606	0.3	1	90005 2601
63	110157	0.3	1	107479 2678
64	80711	0.3	1	78293 2418
65	60859	0.3	1	59032 1827
66	77997	0.3	1	75959 2038
67	66207	0.3	1	64422 1785
68	96537	0.3	1	94592 1945
69	93845	0.3	1	91672 2173
70	74960	0.3	1	73028 1932
71	5471	0.3	1	5149 322
72	7841	0.3	1	7493 348
73	37704	0.3	1	36893 811
74	49031	0.3	1	48192 839
75	31883	0.3	1	31156 727
76	31405	0.3	1	30522 883
77	22688	0.3	1	21863 825
78	26597	0.3	1	25903 694
79	23862	0.3	1	23301 561
80	19016	0.3	1	18093 923
81	23064	0.3	1	22203 861
82	17414	0.3	1	16813 601
83	15449	0.3	1	14955 494
84	13011	0.3	1	12516 495
85	8746	0.3	1	8375 371
86	10006	0.3	1	9748 258
87	9834	0.3	1	9571 263
88	8880	0.3	1	8669 211
89	8954	0.3	1	8648 306
90	8225	0.3	1	7939 286
91	6703	0.3	1	6464 239
92	4707	0.3	1	4575 132
93	3395	0.3	1	3214 181
94	3875	0.3	1	3651 224
95	3504	0.3	1	3359 145
96	3574	0.3	1	3410 164
97	3601	0.3	1	3467 134
98	2870	0.3	1	2760 110
99	2111	0.3	1	2042 69
100	2907	0.3	1	2848 59
101	2139	0.3	1	2066 73
102	1657	0.3	1	1580 77
103	1444	0.3	1	1362 82
104	1308	0.3	1	1248 60
105	1359	0.3	1	1270 89
106	1282	0.3	1	1233 49
107	1525	0.3	1	1431 94
108	993	0.3	1	937 56
109	929	0.3	1	876 53
110	996	0.3	1	973 23
111	671	0.3	1	626 45
112	635	0.3	1	599 36
113	696	0.3	1	633 63
114	523	0.3	1	490 33
115	343	0.3	1	312 31
116	305	0.3	1	284 21
117	259	0.3	1	244 15
118	384	0.3	1	358 26
119	380	0.3	1	357 23
120	396	0.3	1	362 34
121	268	0.3	1	241 27
122	182	0.3	1	175 7
123	131	0.3	1	117 14
124	188	0.3	1	181 7
125	167	0.3	1	152 15
126	139	0.3	1	116 23
127	116	0.3	1	91 25
128	115	0.3	1	110 5
129	134	0.3	1	120 14
130	74	0.3	1	68 6
131	241	0.3	1	225 16
132	1543	0.3	1	1473 70
133	360	0.3	1	81 279
134	68	0.3	1	47 21
135	55	0.3	1	52 3
136	29	0.3	1	22 7
137	19	0.3	1	19
138	38	0.3	1	29 9
139	28	0.3	1	22 6
140	29	0.3	1	28 1
141	27	0.3	1	27
142	37	0.3	1	17 20
143	37	0.3	1	16 21
144	46	0.3	1	22 24
145	7	0.3	1	7
146	67	0.3	1	17 50
147	17	0.3	1	16 1
148	56	0.3	1	24 32
149	32	0.3	1	10 22
150	15	0.3	1	1 14
151	5542	0.3	1	11 5531

RUN STATISTICS FOR INPUT FILE: /home/george_a/Documentos/Mtb_UAM_unizar/Analysis/Outputs/2_Reports/raw_fastqc/19_01_ANmF2C11_1.fastq.gz
=============================================
22234995 sequences processed in total

