Sample	1.0	2.0	3.0	4.0	5.0	6.0	7.0	8.0	9.0	>10	>50	>100	>500	>1k	>5k	>10k+
03_12_AN_F1C14_1										21.018708907590096	8.200486638560683	12.4797908476141	2.8392951901711294	5.31830381220649	2.3815714843479143	25.36745345146663
03_12_AN_F1C14_2										25.434087866150595	7.046091295664336	7.287253767951259	1.443271333442185	4.262296737062695	2.8452315744547247	25.42270006914175
03_12_AN_F2C14_1										21.616586300592108	8.63984778067853	14.25736083961715	3.342289229010851	5.61848910519273	2.1370453425784417	21.590631123035728
03_12_AN_F2C14_2										27.27016378954717	7.35572563539395	7.528880640648454	1.5597041222628287	4.421684976203622	3.107236462047659	20.44412699869009
03_12_ANmF1C14_1										20.40851433591589	8.455781608525857	14.451860000285489	3.5974013593363643	6.240750459112971	2.5787546725176345	22.584563033735204
03_12_ANmF1C14_2										25.91804716120806	7.322062431979378	7.8530665474385986	1.8006187703576957	5.25096860069074	3.7653986765560905	20.88372382533887
03_12_ANmF2C14_1										19.73841217446728	8.023673511356119	13.739613695061484	3.379354894352471	6.083231075031353	2.5143028379194265	25.117527285622554
03_12_ANmF2C14_2										24.7761099306609	6.781299683133072	7.371094139360271	1.7692645108768632	5.17304167281504	3.526736085337863	23.716615585959044
10_3MMmADN_F1C1_1										26.434800575309524	10.98939221088754	16.29209863691026	2.7538663033201063	3.336712877592693	1.4011751618506654	10.197970944503322
10_3MMmADN_F1C1_2										32.89885866007944	11.505512126674834	11.769266341386752	1.4086649100904913	2.7211269491700567	1.752412224859692	10.465988432503451
10_3MMmADNmF1C1_1										25.99656489956987	10.541020988211677	15.018300534188153	2.689614316557784	3.661933764741767	1.6247346122107487	11.769065425718903
10_3MMmADNmF1C1_2										32.353690713488334	10.419214242741901	10.2235550094534	1.435663673453368	2.934251554516789	2.4688772235066945	11.795113276506507
11_10_AN_F1C7_1										26.05736215868859	10.43175547171242	14.132868682879462	2.5407891116451586	3.3787665658517803	1.5772594026238822	16.099776933006392
11_10_AN_F1C7_2										31.68625332168068	10.541755209792607	10.17855466622132	1.2074549210916314	3.285484742927175	2.1668926505860377	15.800577204872637
11_10_AN_F2C7_1										26.12966386513968	9.771095520315683	12.860584880566266	2.2448111620964295	3.0634262904526612	1.5552553563548561	17.176831033436116
11_10_AN_F2C7_2										31.058925993447673	9.698501959555552	9.361376861728983	1.0685821798156385	3.0055199516790285	2.0073404363551144	17.10802680329994
11_10_ANmF1C7_1										26.188634823350498	10.482937923283275	14.475962847585308	2.538373367782195	3.085080497182506	1.5173495589990758	14.600198910290505
11_10_ANmF1C7_2										31.965297114396524	10.50415059131162	10.919163624841513	1.2561714080171027	2.8440661163392567	1.8698869830443838	14.444667164763528
11_10_ANmF2C7_1										25.773630892544357	9.823693940216947	13.039276257129085	2.320037657327684	3.0708396696032114	1.7921107231170408	17.623373395621165
11_10_ANmF2C7_2										30.507869868648253	9.58299279598966	9.342196112189015	1.1313652919862194	3.102220952013697	1.7095177864882534	17.840158008478767
12_1_C11R6_F1_1										24.526707712482786	10.789506262776584	17.42432696039573	3.3191956915404206	3.8734026555631713	1.4213360659179586	14.630300592821154
12_1_C11R6_F1_2										30.106189168842445	11.443971349429512	13.401908161047984	2.0417548202262834	3.3435060435402777	1.5271226081893676	14.579806150202005
12_1_C11R6_F2_1										23.55820647790606	10.306350111349165	16.102940064800155	3.141011165794663	4.323817239635179	1.576464117256963	16.8735790379892
12_1_C11R6_F2_2										28.996205551302957	10.590572643031491	12.320040282156086	2.0640215316386334	3.555365601691116	2.2144400857779933	16.682218766683825
12_1_C11R6mF1_1										23.74197260708945	10.43192105621571	16.720449358274816	3.28173588640242	4.199935917119236	1.543798039704722	15.662308729210785
12_1_C11R6mF1_2										29.332111996226516	10.974036960823492	12.689351170416732	2.098903245739012	3.3469497344282737	2.0615762735360557	15.490534701921627
12_1_C11R6mF2_1										24.562010341216563	10.908733758271392	17.651061051269537	3.4233855076891855	3.9891441549578093	1.4045382140322047	13.502523059791072
12_1_C11R6mF2_2										30.452330534106654	11.509580793701268	13.533904474148247	1.995528897158893	3.4411062443192537	1.6595783068761711	13.197298443482117
12_1_C15R_F1_1										8.723317389914952	3.23753718927096	6.3075558748313	2.219577851737137	5.951948530958195	3.267681644293548	58.08146066762696
12_1_C15R_F1_2										9.196695793527805	3.03375983513021	4.939286895943686	1.619625754479683	4.510922182199111	3.7301277815253617	60.28441336527709
12_1_C15R_F2_1										8.287730852051887	3.0318542234496557	5.834730216366938	2.2316629412538447	5.638536176045946	3.267338651510347	59.758889842780974
12_1_C15R_F2_2										8.559457164543076	2.7615820836128435	4.650451109213486	1.540208667524452	4.293181257449943	3.6943448354179966	62.19606953818809
16_3MMmADN_F2C1_1										25.02037888994654	10.21604987635535	14.53834531262601	2.6135389101148885	3.7564032102344	2.0039125205817148	14.492351238307293
16_3MMmADN_F2C1_2										30.96663726087167	9.952578425877574	9.570898595580077	1.29058999559547	3.5113302388227274	2.4309143813759615	14.87246243256789
16_3MMmADNmF2C1_1										25.422839096575473	10.665036472178683	15.630548329229088	2.564156578160759	3.632187103384108	1.8419467159069143	13.26695408337158
16_3MMmADNmF2C1_2										31.83563826082885	10.636330351365867	9.897522024174837	1.210474853936717	3.185079820988485	2.2081844157496295	14.138309958247227
18_03_AN_F1C8r_1										9.8968548179807	3.9921258456681077	7.87444255431221	2.64002073590457	5.593916606662683	3.8845329922559078	52.93870282098661
18_03_AN_F1C8r_2										10.318568512722853	3.857762808573082	7.154865537762681	1.904607327944125	4.525051485398103	3.8733733207298116	55.297362526153314
18_03_AN_F2C8r_1										11.296823984766286	4.6606289909744865	9.143285065385458	3.123683612189377	5.922090068481927	3.53814349971412	47.78092787315271
18_03_AN_F2C8r_2										11.979918965552981	4.517976816338462	8.496732556694083	2.463563813512359	4.630569431953813	4.033739095805516	49.55118906519413
18_03_ANmF1C8r_1										11.830272239788947	4.5604307416672905	8.147025367671047	2.565409618773137	5.5850541755512415	3.5486491567360128	48.36595014266399
18_03_ANmF1C8r_2										12.601980700325575	4.299347499810685	7.215143863471822	1.9833300560482394	4.5012054121440555	3.797623700845359	50.199022021129394
18_03_ANmF2C8r_1										8.018223609431375	3.0742178998773064	5.726019879819322	2.0782056655110215	5.482826857102969	4.094607145109822	60.14273558081038
18_03_ANmF2C8r_2										8.204904135282703	2.7088797201222827	4.956146574508865	1.5939269654597021	4.414630776883036	3.7432446922955958	62.690826957656554
19_01_ADN_F1C2r_1										14.010790393014474	5.483752171496007	10.280554062164077	3.392210005357843	6.05473704625434	3.228170175002715	36.86563303124731
19_01_ADN_F1C2r_2										15.485716450241368	5.423375546448722	9.035527079642995	2.364025451387125	5.025172133941901	3.4083150692378696	38.09316733326825
19_01_ADN_F2C2r_1										14.157949161758326	5.283264952741222	9.624633523501917	3.010943736475493	5.6706396199420475	3.3204341055035274	38.305130803241596
19_01_ADN_F2C2r_2										15.363556248627994	5.254728429745422	8.142513619833426	1.8998140781495543	4.977432513079147	3.6621032905309594	39.63957352957314
19_01_ADNmF1C2r_1										18.70665635518603	7.055866727402117	12.505288317752763	3.5118149472722244	5.671311244871748	2.897342826196003	25.288527476770224
19_01_ADNmF1C2r_2										20.816079530676966	7.1093590158947935	10.763001936662635	2.3312959093712964	4.943946820182275	3.012479940547304	25.82034194394842
19_01_ADNmF2C2r_1										19.64870698388019	7.483109106062624	12.96311424244391	3.3228187990772367	5.548837867676639	2.500187046575096	23.468861345944767
19_01_ADNmF2C2r_2										22.084354173321714	7.50953089914472	10.899274238676584	2.258445570939984	4.5195883250004165	3.0778383992351404	23.690566996890286
19_01_AN_F1C11_1										25.457268031290763	10.409180396159597	15.664251512639895	2.963319015235471	3.9685680863709125	1.3966628367278862	14.63620340787813
19_01_AN_F1C11_2										31.07536287579093	10.29248170889079	10.658455146949676	1.601320584565697	3.211600733691495	1.8007701041000312	14.454030100597675
19_01_AN_F1C12_1										7.84349754957548	2.840278676739215	5.637346656984005	2.047151667172365	5.678445232608601	3.791147814253316	59.90370095885314
19_01_AN_F1C12_2										8.05943005552862	2.666917478692948	4.321219220297583	1.1520147620793313	4.569265185165704	3.1660477338932353	62.44406850528357
19_01_AN_F2C11_1										24.53697739559142	10.33811705735258	15.869329630850451	3.15662051130281	4.197747673233638	1.3434907347620189	15.346848286474088
19_01_AN_F2C11_2										30.1397082809102	10.400423697051917	11.137737466027684	1.712602846029224	3.2482951028333984	1.712538731959731	15.264752350191438
19_01_AN_F2C12_1										8.734880366059878	3.0689507412611126	5.593166481373626	1.9262025949761599	5.3703853694008385	4.055234570469367	57.52318457598843
19_01_AN_F2C12_2										8.973113298977479	2.753047857703387	4.001196276169824	1.054338182798643	4.424645200488412	3.706072173523916	59.824112284321004
19_01_ANmF1C11_1										11.446331263074807	3.0566274785075653	3.112857877547925	1.086066169687054	3.1855737071709975	2.1449693394583003	74.96617837171783
19_01_ANmF1C11_2										11.983657825026375	3.003644210207123	3.084915214160532	0.9505566927466973	2.75640097342436	1.6282583922366762	75.21198226722558
19_01_ANmF1C12_1										8.435209164207876	3.0978622226401478	5.9139830425150555	2.057698961641606	5.713041490148015	3.559745206676558	58.19380653327529
19_01_ANmF1C12_2										8.808159982430732	2.9718256876245848	4.57412010259173	1.2001838302145975	4.421844826935529	3.066951823593887	60.65427741552632
19_01_ANmF2C11_1										11.139506239674365	2.695965022588532	2.64369557389053	0.9388456527069735	2.7712076388134834	1.5164642950966751	77.28563483880735
19_01_ANmF2C11_2										11.20156055786954	2.4555296193246714	2.685632412304053	0.9332880413065825	2.1682550069288875	1.3634014366803735	76.88687352347353
19_01_ANmF2C12_1										8.687142004781172	2.9646466275591545	5.282750481232785	1.8972117322203244	5.397961493903697	3.790005318935858	57.88711290216867
19_01_ANmF2C12_2										8.892496208168449	2.6461980879010314	3.6764163187502965	1.0538952911559354	4.544857718711426	3.426098616236021	60.137801062593475
19_10_AN_F1C8_1										15.726190490984896	6.246902286459896	10.721826515115676	3.102756170483753	5.365438341889922	2.5037567719938982	38.48192599662035
19_10_AN_F1C8_2										17.484651452084663	6.29881383550861	9.549636879422591	2.1845846340407054	4.188295224305742	3.009765053482649	39.80701041429977
19_10_AN_F2C8_1										15.125152738127884	5.4257795439801315	9.408236243441847	2.722678745939276	4.953722742205838	2.92694226914191	41.60272745479085
19_10_AN_F2C8_2										16.21015895809641	5.576472535629621	8.7236145668708	1.926281365945665	4.648102364415605	3.029002962460047	42.422636961510484
19_10_ANmF1C8_1										15.537065978985767	5.583244892614755	9.609176894922395	2.8495835875535103	5.447985717704743	2.734955687655321	37.83690872852985
19_10_ANmF1C8_2										16.71704471787802	5.555620216049535	8.982791638556641	2.38905439994143	5.105480717532898	2.796963394207173	38.693001678439884
19_10_ANmF2C8_1										14.519454161158391	5.2264040846981334	9.0129899644258	2.680025657889397	5.246884797655746	2.9206877769633213	41.10530633124572
19_10_ANmF2C8_2										15.760506934566006	5.16377400979906	8.17512413906622	2.08942278329406	4.596574238873459	3.247039238514998	42.26581656962283
19_4_MMmAN_F1C5_1										24.175251591406326	9.181600447255848	13.4635119717224	2.787911525660715	4.9113724712988	2.1718036844059707	16.613556448327095
19_4_MMmAN_F1C5_2										29.157647428706575	9.22752044771759	9.897141004011173	1.980656766710432	4.172455085478961	2.6476692846841994	16.75580336041446
19_4_MMmAN_F2C5_1										22.958125782701845	9.926542671648342	16.295259559910054	3.6520751057123624	5.454280167017076	1.9059349843977031	16.281039676774338
19_4_MMmAN_F2C5_2										29.142904857508007	10.009350919959918	11.640140112332851	2.040158000195901	4.370662183069674	2.348933636904386	16.06064828098798
19_4_MMmANmF1C5_1										23.497851154550613	9.604082100275853	14.456926661839336	3.1625729958073605	4.792349569988243	2.371033955926012	16.201406718228963
19_4_MMmANmF1C5_2										29.193110648448133	9.759016310690532	10.970052260886856	2.1887123388175462	4.372497266221941	2.359449064661649	16.500517885390064
19_4_MMmANmF2C5_1										23.522777764978308	9.215033319045688	14.177607578380877	3.212391760528014	5.086258425380504	1.9845889788878985	17.21436424289014
19_4_MMmANmF2C5_2										28.766214963516813	8.6574600929105	9.221930211926122	1.921572335593575	4.351632056887906	2.5474224863015245	16.87271202830914
1_1										21.913558377039763	10.4812797938928	20.739108420566662	5.474928412784422	5.601570347087061	1.286640698802037	12.53616568127674
1_2										31.37826834142714	11.865553544473467	13.440843140960135	1.5697951993234673	2.514865988610862	1.4974043200009697	11.973161188865165
23_4MMmADN_F1C2_1										13.965038523238482	4.9868146623368625	8.771227822962127	2.6354258801284907	6.236807676814648	3.940999726663927	38.557725243808925
23_4MMmADN_F1C2_2										15.484388880246192	4.825884121658089	6.928434041371004	1.5809259712514643	5.185039617720834	3.814787475100878	41.70614339942802
23_4MMmADN_F2C2_1										9.536211478498629	3.705576347849186	7.833167183498306	2.6586386880891224	6.11992097358537	4.1160337257414845	52.10381014376212
23_4MMmADN_F2C2_2										10.0492553377234	3.8107572217277905	6.7011457466706545	1.495594332749331	4.3083261992686595	4.785251367531631	55.79598500454702
23_4MMmADNmF1C2_1										9.446671485721875	3.4750156192126402	7.285966482692947	2.5443664637406127	6.589319603758515	4.756207008078182	50.09013878692235
23_4MMmADNmF1C2_2										9.989011158712866	3.5498763087772494	6.036153033512866	1.4205611767841582	5.148134627183905	4.56669109954966	54.4890660506811
23_4MMmADNmF2C2_1										18.817404504113693	6.632950920899024	10.99379495006354	3.224353715103371	6.034035448149872	3.602724062305019	24.871491543995962
23_4MMmADNmF2C2_2										21.041527999057163	6.623959551353963	9.75563458739631	2.3139345372153617	5.085262827854387	3.3864365772629537	27.41752685833208
29_11_AN_F1C15_1										6.890992829221967	2.5456869830843427	4.543272380617591	1.7119008897271168	5.72657656825666	3.927848930055735	63.87838093574799
29_11_AN_F1C15_2										6.854085587588029	1.7030067865104557	2.494511882429647	0.8447643748434612	4.9722850502465965	4.533291222795309	65.04685686294651
29_11_AN_F2C15_1										7.6230328878826	2.657944998420119	4.624425864334307	1.6424498191424097	4.780088478166852	3.086994762388055	64.3247023712911
29_11_AN_F2C15_2										7.76901559511462	2.2383443092096744	3.2889807562883075	0.960668484734508	3.983344373974967	4.1980396211141535	65.48958822256196
29_11_ANmF1C15_1										7.15039546450666	2.577694422577193	4.665331554609021	1.7826066712629718	5.560540823526042	3.7082979541909413	63.58297941256167
29_11_ANmF1C15_2										7.125832783533302	1.8471654825010688	2.7164569094265096	0.8056771740652549	4.7454486269255085	4.081479187906174	64.88014462547991
29_11_ANmF2C15_1										7.240442994116111	2.6405553787096188	4.761376364062577	1.8358765277556688	5.893077932234479	4.027774994452864	62.06387048893806
29_11_ANmF2C15_2										7.180398942391158	1.7923132578701952	2.672567755592651	0.9004721887573572	5.166315797223743	4.856111058551322	63.0637105701695
2_1										21.423707771425438	10.359878054287718	20.06633994552469	5.261706264859858	5.864103710425769	1.3982960092023637	14.482928312596439
2_2										30.647532270213656	11.134064350646353	12.624837286145416	1.6017142554159827	2.8932451067405194	1.5720347377727797	13.990706994313944
3_1										21.69471860250637	10.306411460885979	19.873116633299087	4.882800713405919	5.208115197538901	1.572117932019596	14.608002306908594
3_2										30.76093000978758	11.004914171892501	11.718256934165828	1.2775617038594689	2.7591578493797275	1.9292285784694858	13.990308593862864
4_1										23.193201249959237	10.9001383561316	19.817616015340292	4.411903326252807	4.424592837130738	1.5120298499669569	12.265522135096681
4_2										32.413589746942606	11.72942552336598	11.503016994918578	1.1463244108082826	2.6688711552453053	1.7232925278707683	12.34538345742322
5_1										14.61774661652877	6.284936615240867	12.235567403965216	3.7972631894171287	6.341884332990504	2.5868193227488105	36.1957137638462
5_2										17.59715241290557	6.368314738467866	9.767400357076172	2.304061389898627	4.244027843556213	3.0565384232232944	36.987495699215515
6_1										11.284749684673228	4.51454356912496	9.1127280000828	3.2389559907567707	6.466054477174825	2.981956220083827	46.39001005563219
6_2										12.00695076553044	4.360152806068698	7.648633734481337	1.9757366146494322	4.433581260032674	3.8150082535296663	46.64139162175794
7_1										11.258335682783217	4.769341725056923	9.819363901921193	3.493820673866293	6.475571998301464	3.019459607249941	45.927864001407976
7_2										12.476350961437806	4.784709515797043	8.458224104573722	2.0092093369228823	4.464026880633762	4.199323187475688	46.5761807071488
8_1										17.28889802801337	7.276900980773061	13.944976874168852	4.130308003375504	6.384250827415504	2.587960756235104	28.15328581096691
8_2										20.705477159693253	7.116166773844309	10.576492923244865	2.601694053993455	4.451451846110934	3.0456745723144882	27.981608418527383
8_4_MMmAN_F1C6_1										3.926265828350104	1.8280544577422657	4.67847071869158	2.0331522314408943	5.608617441807267	4.3177523473905985	67.87299684745781
8_4_MMmAN_F1C6_2										3.9770216999323664	1.7936551426785827	3.630375354542635	1.1278158099693416	4.25438826858706	3.6558029088149597	72.1786083308618
8_4_MMmAN_F2C6_1										3.4423861748805606	1.5797683020179227	3.7598337045934933	1.6967929684709737	6.130897002161469	4.263127952093832	69.79037793830952
8_4_MMmAN_F2C6_2										3.6411471414353316	1.5209710302547865	2.5965447525223997	0.8212018089157159	4.476111099922023	4.406199951470848	73.2230091457959
8_4_MMmANmF1C6_1										4.884470662523329	2.200891131935631	6.150335630840249	2.8639627293477687	7.6101259065230105	5.085090060945822	61.16308977131866
8_4_MMmANmF1C6_2										4.81348729428114	2.1578253749692102	5.765823236523813	2.1956418984488386	5.871900739883969	4.333426769168098	65.09688878015615
8_4_MMmANmF2C6_1										4.607699356678049	2.11190561024704	5.820807955863529	2.8149308177291217	7.692924130150145	4.340302524018937	63.514943316548965
8_4_MMmANmF2C6_2										4.449174273617422	1.9821884898641684	5.543194262326823	2.207897751885693	5.46964827196021	4.145248298740372	67.37376575512035
ANLCFA_F1C12R_1										9.597947356729964	3.57621851995909	6.751478670010163	2.3030171499730807	6.39403034339316	4.667490541251306	51.904711426266694
ANLCFA_F1C12R_2										10.247032625045323	3.237768510982493	4.919548948413487	1.5724278104163947	5.478560476913701	4.805839958616541	54.098194724266556
ANLCFA_F2C12R_1										8.812053343539196	3.1590965256805643	6.1177417150524915	2.251180953909423	7.085598515841153	4.61132075151141	53.64774450306413
ANLCFA_F2C12R_2										9.295446551139449	2.8638184694594297	4.3267107518817705	1.4956860581135938	6.360380827206323	5.614191506638316	54.93219691548574
ANLCFAmF1C12R_1										8.69149545917815	3.6479909158198724	9.147459737290104	4.101554858897929	9.119129602710553	5.033320422916463	46.34523610876521
ANLCFAmF1C12R_2										8.854540853237555	3.7193679150867895	8.605367104111718	3.325288710017835	8.125779004425487	5.8268912073364305	47.05000400445165
ANLCFAmF2C12R_1										9.094631063780232	3.7185899126201685	9.0512829067978	3.95147337976286	9.302661010219978	5.4574366506275185	44.39762650608945
ANLCFAmF2C12R_2										9.122929367655193	3.6125109187182582	8.254121940332714	3.308393588108572	8.852101775713791	5.771670921376784	45.585705090107204
