	14.0	15.0	16.0	17.0	18.0	19.0	20.0	21.0	22.0	23.0	24.0	25.0	26.0	27.0	28.0	29.0	30.0	31.0	32.0	33.0	34.0	35.0	36.0	37.0
03_12_AN_F1C14_1	5.0	44.0	123.0	430.0	911.0	1694.0	2541.0	4043.0	5925.0	9217.0	13836.0	21642.0	33546.0	52947.0	78559.0	113653.0	153607.0	205520.0	288412.0	415686.0	622103.0	1222843.0	15912659.0	5844560.0
	11.0	12.0	13.0	14.0	15.0	16.0	17.0	18.0	19.0	20.0	21.0	22.0	23.0	24.0	25.0	26.0	27.0	28.0	29.0	30.0	31.0	32.0	33.0	34.0	35.0	36.0	37.0
03_12_AN_F1C14_2	112.0	4358.0	14628.0	14650.0	10248.0	7316.0	5934.0	6299.0	9196.0	14508.0	20880.0	23219.0	23619.0	25793.0	30246.0	36878.0	46748.0	59111.0	78228.0	101127.0	135902.0	183890.0	279009.0	498416.0	1609210.0	18772401.0	2992580.0
	14.0	15.0	16.0	17.0	18.0	19.0	20.0	21.0	22.0	23.0	24.0	25.0	26.0	27.0	28.0	29.0	30.0	31.0	32.0	33.0	34.0	35.0	36.0	37.0
03_12_AN_F2C14_1	7.0	36.0	116.0	334.0	813.0	1436.0	2264.0	3482.0	5607.0	8539.0	12651.0	19709.0	29795.0	46567.0	69170.0	100944.0	136614.0	183798.0	241034.0	335622.0	523484.0	1104956.0	14973045.0	5085752.0
	11.0	12.0	13.0	14.0	15.0	16.0	17.0	18.0	19.0	20.0	21.0	22.0	23.0	24.0	25.0	26.0	27.0	28.0	29.0	30.0	31.0	32.0	33.0	34.0	35.0	36.0	37.0
03_12_AN_F2C14_2	77.0	2735.0	9729.0	10176.0	7255.0	5045.0	4425.0	4742.0	7052.0	11227.0	16612.0	18968.0	20895.0	23841.0	29881.0	36949.0	48203.0	61160.0	79886.0	105484.0	142584.0	195023.0	299325.0	543359.0	1770497.0	17127944.0	2302701.0
	13.0	14.0	15.0	16.0	17.0	18.0	19.0	20.0	21.0	22.0	23.0	24.0	25.0	26.0	27.0	28.0	29.0	30.0	31.0	32.0	33.0	34.0	35.0	36.0	37.0
03_12_ANmF1C14_1	1.0	7.0	28.0	114.0	351.0	766.0	1499.0	2311.0	3516.0	5686.0	8730.0	13307.0	20551.0	32237.0	50286.0	74066.0	107682.0	144869.0	193019.0	250033.0	346978.0	535442.0	1173749.0	15609397.0	5348665.0
	11.0	12.0	13.0	14.0	15.0	16.0	17.0	18.0	19.0	20.0	21.0	22.0	23.0	24.0	25.0	26.0	27.0	28.0	29.0	30.0	31.0	32.0	33.0	34.0	35.0	36.0	37.0
03_12_ANmF1C14_2	124.0	4436.0	16299.0	16926.0	11957.0	7609.0	5943.0	6001.0	8545.0	14628.0	22436.0	24717.0	23147.0	23012.0	26169.0	31257.0	39700.0	51191.0	68240.0	90122.0	123372.0	170932.0	262634.0	478414.0	1569647.0	17872385.0	2953447.0
	14.0	15.0	16.0	17.0	18.0	19.0	20.0	21.0	22.0	23.0	24.0	25.0	26.0	27.0	28.0	29.0	30.0	31.0	32.0	33.0	34.0	35.0	36.0	37.0
03_12_ANmF2C14_1	5.0	24.0	105.0	274.0	660.0	1248.0	1994.0	3100.0	4867.0	7682.0	11913.0	19088.0	29985.0	47664.0	70854.0	102088.0	137153.0	181884.0	233747.0	322758.0	502620.0	1040699.0	14280785.0	5378543.0
	11.0	12.0	13.0	14.0	15.0	16.0	17.0	18.0	19.0	20.0	21.0	22.0	23.0	24.0	25.0	26.0	27.0	28.0	29.0	30.0	31.0	32.0	33.0	34.0	35.0	36.0	37.0
03_12_ANmF2C14_2	69.0	2802.0	9326.0	9153.0	6298.0	4147.0	3470.0	3728.0	5373.0	8675.0	12928.0	14965.0	15973.0	18212.0	21542.0	26593.0	34397.0	43476.0	58119.0	76071.0	105132.0	144958.0	222157.0	397483.0	1304101.0	17016091.0	2814501.0
	14.0	15.0	16.0	17.0	18.0	19.0	20.0	21.0	22.0	23.0	24.0	25.0	26.0	27.0	28.0	29.0	30.0	31.0	32.0	33.0	34.0	35.0	36.0	37.0
10_3MMmADN_F1C1_1	8.0	41.0	254.0	894.0	1804.0	3059.0	4379.0	7323.0	11187.0	16951.0	24823.0	36851.0	54566.0	82134.0	118574.0	169036.0	228264.0	309551.0	410922.0	594875.0	908806.0	1838773.0	17005334.0	4565283.0
	11.0	12.0	13.0	14.0	15.0	16.0	17.0	18.0	19.0	20.0	21.0	22.0	23.0	24.0	25.0	26.0	27.0	28.0	29.0	30.0	31.0	32.0	33.0	34.0	35.0	36.0	37.0
10_3MMmADN_F1C1_2	30.0	1126.0	4729.0	5069.0	3768.0	2249.0	1812.0	2533.0	4323.0	7752.0	11484.0	13456.0	16851.0	23360.0	32996.0	44559.0	60899.0	80206.0	110006.0	147861.0	210330.0	304541.0	491759.0	892069.0	2598826.0	18970145.0	2350953.0
	14.0	15.0	16.0	17.0	18.0	19.0	20.0	21.0	22.0	23.0	24.0	25.0	26.0	27.0	28.0	29.0	30.0	31.0	32.0	33.0	34.0	35.0	36.0	37.0
10_3MMmADNmF1C1_1	4.0	41.0	197.0	748.0	1518.0	2568.0	3858.0	6307.0	9466.0	14481.0	20521.0	30322.0	44313.0	66546.0	96315.0	140270.0	191839.0	267162.0	362536.0	531474.0	819051.0	1667189.0	15251498.0	4034592.0
	11.0	12.0	13.0	14.0	15.0	16.0	17.0	18.0	19.0	20.0	21.0	22.0	23.0	24.0	25.0	26.0	27.0	28.0	29.0	30.0	31.0	32.0	33.0	34.0	35.0	36.0	37.0
10_3MMmADNmF1C1_2	41.0	1413.0	5101.0	5422.0	4175.0	2435.0	1911.0	2403.0	4041.0	7014.0	10319.0	11399.0	13748.0	18637.0	26217.0	35550.0	48607.0	65884.0	90695.0	125764.0	182082.0	268713.0	436571.0	791522.0	2264646.0	16974410.0	2164096.0
	14.0	15.0	16.0	17.0	18.0	19.0	20.0	21.0	22.0	23.0	24.0	25.0	26.0	27.0	28.0	29.0	30.0	31.0	32.0	33.0	34.0	35.0	36.0	37.0
11_10_AN_F1C7_1	7.0	81.0	368.0	1101.0	2387.0	4145.0	6519.0	10191.0	15259.0	22876.0	33036.0	49635.0	73938.0	111490.0	160615.0	226160.0	304584.0	407566.0	523866.0	720832.0	1032131.0	1903051.0	17766200.0	6398114.0
	11.0	12.0	13.0	14.0	15.0	16.0	17.0	18.0	19.0	20.0	21.0	22.0	23.0	24.0	25.0	26.0	27.0	28.0	29.0	30.0	31.0	32.0	33.0	34.0	35.0	36.0	37.0
11_10_AN_F1C7_2	13.0	1062.0	6678.0	10342.0	9054.0	6494.0	4976.0	5224.0	8531.0	16665.0	26112.0	27571.0	24931.0	24031.0	28257.0	34560.0	45507.0	58702.0	78652.0	104908.0	146654.0	206980.0	322641.0	570809.0	1677732.0	21704462.0	4622604.0
	13.0	14.0	15.0	16.0	17.0	18.0	19.0	20.0	21.0	22.0	23.0	24.0	25.0	26.0	27.0	28.0	29.0	30.0	31.0	32.0	33.0	34.0	35.0	36.0	37.0
11_10_AN_F2C7_1	1.0	12.0	77.0	361.0	969.0	2281.0	4113.0	6135.0	9639.0	14177.0	21468.0	31290.0	46236.0	68001.0	101943.0	144772.0	204991.0	275434.0	368136.0	477113.0	646507.0	924013.0	1709435.0	16576722.0	6134637.0
	11.0	12.0	13.0	14.0	15.0	16.0	17.0	18.0	19.0	20.0	21.0	22.0	23.0	24.0	25.0	26.0	27.0	28.0	29.0	30.0	31.0	32.0	33.0	34.0	35.0	36.0	37.0
11_10_AN_F2C7_2	29.0	1270.0	8049.0	10915.0	9210.0	6349.0	4787.0	5329.0	8607.0	16266.0	25736.0	27244.0	24440.0	23938.0	27787.0	33904.0	43396.0	55905.0	73451.0	98383.0	134852.0	189301.0	294460.0	524481.0	1541478.0	20234273.0	4344623.0
	14.0	15.0	16.0	17.0	18.0	19.0	20.0	21.0	22.0	23.0	24.0	25.0	26.0	27.0	28.0	29.0	30.0	31.0	32.0	33.0	34.0	35.0	36.0	37.0
11_10_ANmF1C7_1	9.0	99.0	381.0	1185.0	2658.0	4676.0	7052.0	11064.0	16350.0	24176.0	34865.0	52674.0	76274.0	114807.0	161736.0	228676.0	305873.0	408715.0	528194.0	720719.0	1039089.0	1909239.0	18002787.0	6288069.0
	11.0	12.0	13.0	14.0	15.0	16.0	17.0	18.0	19.0	20.0	21.0	22.0	23.0	24.0	25.0	26.0	27.0	28.0	29.0	30.0	31.0	32.0	33.0	34.0	35.0	36.0	37.0
11_10_ANmF1C7_2	27.0	1425.0	8644.0	12526.0	10208.0	7077.0	5759.0	6301.0	10191.0	19680.0	30019.0	31775.0	28432.0	27043.0	31930.0	38560.0	50002.0	65026.0	85604.0	113391.0	157211.0	220097.0	341508.0	605825.0	1769856.0	21809196.0	4452054.0
	14.0	15.0	16.0	17.0	18.0	19.0	20.0	21.0	22.0	23.0	24.0	25.0	26.0	27.0	28.0	29.0	30.0	31.0	32.0	33.0	34.0	35.0	36.0	37.0
11_10_ANmF2C7_1	4.0	71.0	413.0	1189.0	2482.0	4490.0	6930.0	10670.0	15956.0	23758.0	34511.0	51785.0	75954.0	113181.0	160689.0	228423.0	305908.0	410671.0	542953.0	733081.0	1047993.0	1909256.0	17643793.0	6422052.0
	11.0	12.0	13.0	14.0	15.0	16.0	17.0	18.0	19.0	20.0	21.0	22.0	23.0	24.0	25.0	26.0	27.0	28.0	29.0	30.0	31.0	32.0	33.0	34.0	35.0	36.0	37.0
11_10_ANmF2C7_2	36.0	1738.0	9693.0	12974.0	10644.0	7092.0	5890.0	6610.0	10761.0	19869.0	30588.0	32499.0	29992.0	29832.0	34798.0	42664.0	55281.0	70382.0	93067.0	123321.0	169358.0	235959.0	367739.0	658386.0	2003892.0	21871298.0	3811850.0
	14.0	15.0	16.0	17.0	18.0	19.0	20.0	21.0	22.0	23.0	24.0	25.0	26.0	27.0	28.0	29.0	30.0	31.0	32.0	33.0	34.0	35.0	36.0	37.0
12_1_C11R6_F1_1	29.0	189.0	845.0	2336.0	4551.0	7573.0	12078.0	19310.0	29467.0	43340.0	59554.0	81815.0	110417.0	151088.0	198513.0	262092.0	335255.0	432327.0	549165.0	752473.0	1119367.0	2139364.0	18683745.0	4722800.0
	11.0	12.0	13.0	14.0	15.0	16.0	17.0	18.0	19.0	20.0	21.0	22.0	23.0	24.0	25.0	26.0	27.0	28.0	29.0	30.0	31.0	32.0	33.0	34.0	35.0	36.0	37.0
12_1_C11R6_F1_2	40.0	1367.0	6260.0	7499.0	5911.0	4159.0	3507.0	4156.0	7126.0	13277.0	19720.0	21906.0	23505.0	27524.0	37117.0	48955.0	66489.0	87297.0	117491.0	154573.0	208894.0	286663.0	431544.0	748199.0	2219770.0	22250597.0	2914147.0
	14.0	15.0	16.0	17.0	18.0	19.0	20.0	21.0	22.0	23.0	24.0	25.0	26.0	27.0	28.0	29.0	30.0	31.0	32.0	33.0	34.0	35.0	36.0	37.0
12_1_C11R6_F2_1	19.0	200.0	784.0	2401.0	4652.0	7483.0	12046.0	19089.0	28798.0	41938.0	58168.0	81341.0	110448.0	152095.0	199829.0	265932.0	338718.0	438521.0	553761.0	763269.0	1148351.0	2198566.0	18729613.0	4440033.0
	11.0	12.0	13.0	14.0	15.0	16.0	17.0	18.0	19.0	20.0	21.0	22.0	23.0	24.0	25.0	26.0	27.0	28.0	29.0	30.0	31.0	32.0	33.0	34.0	35.0	36.0	37.0
12_1_C11R6_F2_2	37.0	1723.0	7899.0	9559.0	7474.0	5082.0	4574.0	5305.0	8833.0	14926.0	21669.0	23894.0	25850.0	31255.0	41406.0	53764.0	71713.0	93140.0	123239.0	160537.0	217595.0	293716.0	442665.0	775726.0	2403619.0	22258823.0	2492032.0
	13.0	14.0	15.0	16.0	17.0	18.0	19.0	20.0	21.0	22.0	23.0	24.0	25.0	26.0	27.0	28.0	29.0	30.0	31.0	32.0	33.0	34.0	35.0	36.0	37.0
12_1_C11R6mF1_1	1.0	27.0	178.0	805.0	2342.0	4520.0	7372.0	11663.0	18967.0	28113.0	41672.0	58409.0	82526.0	113235.0	156623.0	206939.0	272143.0	346817.0	447773.0	575046.0	831491.0	1198737.0	2260664.0	18878213.0	4320444.0
	11.0	12.0	13.0	14.0	15.0	16.0	17.0	18.0	19.0	20.0	21.0	22.0	23.0	24.0	25.0	26.0	27.0	28.0	29.0	30.0	31.0	32.0	33.0	34.0	35.0	36.0	37.0
12_1_C11R6mF1_2	44.0	1948.0	8836.0	10354.0	7915.0	5399.0	4628.0	5662.0	9346.0	16135.0	23036.0	25754.0	28453.0	33729.0	44209.0	56836.0	75067.0	96594.0	127071.0	164766.0	221576.0	299894.0	449260.0	787692.0	2427606.0	22416551.0	2516359.0
	13.0	14.0	15.0	16.0	17.0	18.0	19.0	20.0	21.0	22.0	23.0	24.0	25.0	26.0	27.0	28.0	29.0	30.0	31.0	32.0	33.0	34.0	35.0	36.0	37.0
12_1_C11R6mF2_1	1.0	25.0	185.0	853.0	2410.0	4650.0	7708.0	11766.0	18709.0	28327.0	41574.0	57233.0	79675.0	107948.0	148213.0	196523.0	261096.0	333806.0	435183.0	565972.0	813078.0	1169729.0	2232970.0	18745394.0	4391688.0
	11.0	12.0	13.0	14.0	15.0	16.0	17.0	18.0	19.0	20.0	21.0	22.0	23.0	24.0	25.0	26.0	27.0	28.0	29.0	30.0	31.0	32.0	33.0	34.0	35.0	36.0	37.0
12_1_C11R6mF2_2	37.0	1627.0	7698.0	9457.0	7304.0	5018.0	4357.0	5085.0	8557.0	15642.0	23030.0	25724.0	28124.0	34005.0	45600.0	58971.0	77878.0	100447.0	132295.0	171257.0	229477.0	308963.0	462786.0	808083.0	2476922.0	22155598.0	2450774.0
	14.0	15.0	16.0	17.0	18.0	19.0	20.0	21.0	22.0	23.0	24.0	25.0	26.0	27.0	28.0	29.0	30.0	31.0	32.0	33.0	34.0	35.0	36.0	37.0
12_1_C15R_F1_1	12.0	88.0	485.0	1372.0	2543.0	3617.0	5661.0	9483.0	15026.0	23194.0	34929.0	54724.0	81046.0	121788.0	168812.0	233468.0	310899.0	416850.0	542668.0	784065.0	1188285.0	2314687.0	19341008.0	4076510.0
	11.0	12.0	13.0	14.0	15.0	16.0	17.0	18.0	19.0	20.0	21.0	22.0	23.0	24.0	25.0	26.0	27.0	28.0	29.0	30.0	31.0	32.0	33.0	34.0	35.0	36.0	37.0
12_1_C15R_F1_2	54.0	2149.0	10910.0	13101.0	9258.0	5830.0	4528.0	5370.0	8984.0	17132.0	26510.0	30622.0	28638.0	29636.0	38358.0	50308.0	67673.0	89186.0	119308.0	156058.0	209319.0	282160.0	419810.0	735914.0	2393924.0	22759347.0	2217133.0
	14.0	15.0	16.0	17.0	18.0	19.0	20.0	21.0	22.0	23.0	24.0	25.0	26.0	27.0	28.0	29.0	30.0	31.0	32.0	33.0	34.0	35.0	36.0	37.0
12_1_C15R_F2_1	10.0	77.0	433.0	1290.0	2383.0	3557.0	5354.0	8727.0	13886.0	21926.0	33934.0	53066.0	81009.0	121910.0	171582.0	238732.0	317244.0	432798.0	635847.0	848480.0	1265112.0	2313669.0	18762505.0	4498329.0
	11.0	12.0	13.0	14.0	15.0	16.0	17.0	18.0	19.0	20.0	21.0	22.0	23.0	24.0	25.0	26.0	27.0	28.0	29.0	30.0	31.0	32.0	33.0	34.0	35.0	36.0	37.0
12_1_C15R_F2_2	31.0	1383.0	7813.0	10539.0	7758.0	4932.0	3842.0	4328.0	6947.0	13617.0	22920.0	26904.0	25730.0	27016.0	35225.0	47061.0	64062.0	85331.0	114457.0	151447.0	204709.0	276871.0	418989.0	752708.0	2528308.0	22688687.0	2300245.0
	13.0	14.0	15.0	16.0	17.0	18.0	19.0	20.0	21.0	22.0	23.0	24.0	25.0	26.0	27.0	28.0	29.0	30.0	31.0	32.0	33.0	34.0	35.0	36.0	37.0
16_3MMmADN_F2C1_1	1.0	3.0	35.0	223.0	826.0	1639.0	2820.0	4268.0	6692.0	10144.0	15630.0	22831.0	34708.0	52097.0	78872.0	113136.0	160979.0	217861.0	298027.0	406919.0	578899.0	886076.0	1801626.0	16606076.0	4124455.0
	11.0	12.0	13.0	14.0	15.0	16.0	17.0	18.0	19.0	20.0	21.0	22.0	23.0	24.0	25.0	26.0	27.0	28.0	29.0	30.0	31.0	32.0	33.0	34.0	35.0	36.0	37.0
16_3MMmADN_F2C1_2	41.0	1436.0	5584.0	6129.0	4641.0	2611.0	2414.0	3150.0	5399.0	9645.0	14291.0	16088.0	18524.0	24853.0	34719.0	46287.0	62909.0	82273.0	112350.0	150202.0	209828.0	301305.0	480014.0	875331.0	2652047.0	18310102.0	1992670.0
	14.0	15.0	16.0	17.0	18.0	19.0	20.0	21.0	22.0	23.0	24.0	25.0	26.0	27.0	28.0	29.0	30.0	31.0	32.0	33.0	34.0	35.0	36.0	37.0
16_3MMmADNmF2C1_1	2.0	30.0	232.0	814.0	1735.0	3025.0	4435.0	7245.0	11245.0	16902.0	25429.0	38813.0	57509.0	87222.0	124520.0	175955.0	235813.0	319448.0	424493.0	605234.0	914052.0	1818037.0	16854597.0	4666832.0
	11.0	12.0	13.0	14.0	15.0	16.0	17.0	18.0	19.0	20.0	21.0	22.0	23.0	24.0	25.0	26.0	27.0	28.0	29.0	30.0	31.0	32.0	33.0	34.0	35.0	36.0	37.0
16_3MMmADNmF2C1_2	100.0	3777.0	12122.0	12133.0	8549.0	5118.0	4305.0	5321.0	9138.0	16545.0	23033.0	23733.0	23563.0	26671.0	34333.0	44140.0	58608.0	76498.0	103436.0	140623.0	200751.0	292194.0	467117.0	822800.0	2248212.0	18851917.0	2878882.0
	14.0	15.0	16.0	17.0	18.0	19.0	20.0	21.0	22.0	23.0	24.0	25.0	26.0	27.0	28.0	29.0	30.0	31.0	32.0	33.0	34.0	35.0	36.0	37.0
18_03_AN_F1C8r_1	4.0	42.0	194.0	604.0	1142.0	1825.0	2754.0	4482.0	7266.0	11671.0	18098.0	29661.0	46873.0	73667.0	107594.0	154774.0	209784.0	289033.0	385821.0	575995.0	912871.0	1864443.0	19057753.0	6006147.0
	11.0	12.0	13.0	14.0	15.0	16.0	17.0	18.0	19.0	20.0	21.0	22.0	23.0	24.0	25.0	26.0	27.0	28.0	29.0	30.0	31.0	32.0	33.0	34.0	35.0	36.0	37.0
18_03_AN_F1C8r_2	21.0	1426.0	8537.0	11071.0	8145.0	4705.0	3365.0	3464.0	5400.0	10242.0	16712.0	19592.0	18750.0	17591.0	19265.0	22522.0	28118.0	36009.0	47702.0	64900.0	91604.0	132046.0	208296.0	376215.0	1200238.0	22945953.0	4460609.0
	14.0	15.0	16.0	17.0	18.0	19.0	20.0	21.0	22.0	23.0	24.0	25.0	26.0	27.0	28.0	29.0	30.0	31.0	32.0	33.0	34.0	35.0	36.0	37.0
18_03_AN_F2C8r_1	2.0	54.0	234.0	710.0	1408.0	2226.0	3166.0	5369.0	8508.0	13401.0	21198.0	34361.0	53081.0	81719.0	117897.0	165815.0	223367.0	304664.0	472368.0	688276.0	1023536.0	1991057.0	18308907.0	6065086.0
	11.0	12.0	13.0	14.0	15.0	16.0	17.0	18.0	19.0	20.0	21.0	22.0	23.0	24.0	25.0	26.0	27.0	28.0	29.0	30.0	31.0	32.0	33.0	34.0	35.0	36.0	37.0
18_03_AN_F2C8r_2	35.0	2046.0	10750.0	11343.0	7191.0	4058.0	3211.0	3544.0	5547.0	10244.0	16625.0	19161.0	19326.0	19368.0	21041.0	24181.0	30201.0	37941.0	50279.0	67423.0	95964.0	137249.0	218731.0	403719.0	1307491.0	22764409.0	4295332.0
	14.0	15.0	16.0	17.0	18.0	19.0	20.0	21.0	22.0	23.0	24.0	25.0	26.0	27.0	28.0	29.0	30.0	31.0	32.0	33.0	34.0	35.0	36.0	37.0
18_03_ANmF1C8r_1	11.0	58.0	310.0	974.0	1798.0	2456.0	3531.0	5725.0	9083.0	14472.0	21703.0	34804.0	53554.0	82510.0	118078.0	168078.0	226896.0	308286.0	411997.0	597555.0	1007870.0	2018797.0	18978164.0	5844444.0
	11.0	12.0	13.0	14.0	15.0	16.0	17.0	18.0	19.0	20.0	21.0	22.0	23.0	24.0	25.0	26.0	27.0	28.0	29.0	30.0	31.0	32.0	33.0	34.0	35.0	36.0	37.0
18_03_ANmF1C8r_2	22.0	1129.0	6476.0	7676.0	5209.0	3171.0	2346.0	2646.0	4072.0	7133.0	11370.0	13483.0	13458.0	14145.0	16197.0	19042.0	23665.0	30305.0	41563.0	57034.0	82751.0	121582.0	200652.0	388077.0	1357207.0	22984157.0	4496586.0
	14.0	15.0	16.0	17.0	18.0	19.0	20.0	21.0	22.0	23.0	24.0	25.0	26.0	27.0	28.0	29.0	30.0	31.0	32.0	33.0	34.0	35.0	36.0	37.0
18_03_ANmF2C8r_1	9.0	41.0	204.0	639.0	1165.0	1666.0	2386.0	3915.0	6329.0	10440.0	17007.0	28392.0	45623.0	73298.0	108159.0	157723.0	217093.0	303225.0	508480.0	742183.0	1116121.0	2178086.0	18739414.0	5598734.0
	11.0	12.0	13.0	14.0	15.0	16.0	17.0	18.0	19.0	20.0	21.0	22.0	23.0	24.0	25.0	26.0	27.0	28.0	29.0	30.0	31.0	32.0	33.0	34.0	35.0	36.0	37.0
18_03_ANmF2C8r_2	19.0	911.0	5151.0	7759.0	6104.0	3950.0	2895.0	2768.0	4082.0	7305.0	12534.0	14640.0	14712.0	14817.0	17203.0	20868.0	26825.0	35184.0	48313.0	66795.0	96127.0	139273.0	224868.0	428420.0	1496667.0	23065570.0	4096572.0
	14.0	15.0	16.0	17.0	18.0	19.0	20.0	21.0	22.0	23.0	24.0	25.0	26.0	27.0	28.0	29.0	30.0	31.0	32.0	33.0	34.0	35.0	36.0	37.0
19_01_ADN_F1C2r_1	13.0	56.0	188.0	768.0	1810.0	2920.0	3574.0	5602.0	9139.0	15448.0	25052.0	41302.0	66132.0	104942.0	151924.0	218863.0	295825.0	403103.0	531391.0	744153.0	1077190.0	2026032.0	15846593.0	2964062.0
	11.0	12.0	13.0	14.0	15.0	16.0	17.0	18.0	19.0	20.0	21.0	22.0	23.0	24.0	25.0	26.0	27.0	28.0	29.0	30.0	31.0	32.0	33.0	34.0	35.0	36.0	37.0
19_01_ADN_F1C2r_2	27.0	1897.0	10696.0	13375.0	9633.0	6219.0	5339.0	6359.0	10491.0	19537.0	28295.0	30716.0	30506.0	32385.0	41388.0	54526.0	75558.0	102561.0	143636.0	198238.0	279248.0	385250.0	562316.0	906995.0	2571043.0	17450632.0	1559216.0
	13.0	14.0	15.0	16.0	17.0	18.0	19.0	20.0	21.0	22.0	23.0	24.0	25.0	26.0	27.0	28.0	29.0	30.0	31.0	32.0	33.0	34.0	35.0	36.0	37.0
19_01_ADN_F2C2r_1	1.0	5.0	45.0	186.0	689.0	1787.0	2989.0	3764.0	5542.0	8824.0	14769.0	23467.0	38944.0	61119.0	96289.0	140954.0	202993.0	277588.0	378892.0	500799.0	699194.0	1038766.0	1996633.0	15443179.0	2840437.0
	11.0	12.0	13.0	14.0	15.0	16.0	17.0	18.0	19.0	20.0	21.0	22.0	23.0	24.0	25.0	26.0	27.0	28.0	29.0	30.0	31.0	32.0	33.0	34.0	35.0	36.0	37.0
19_01_ADN_F2C2r_2	42.0	2378.0	13432.0	16587.0	11705.0	7645.0	6160.0	7341.0	12434.0	22298.0	32596.0	32836.0	28887.0	27034.0	32304.0	42486.0	59103.0	81934.0	116879.0	164647.0	238770.0	339075.0	509785.0	843755.0	2419396.0	17075472.0	1632874.0
	13.0	14.0	15.0	16.0	17.0	18.0	19.0	20.0	21.0	22.0	23.0	24.0	25.0	26.0	27.0	28.0	29.0	30.0	31.0	32.0	33.0	34.0	35.0	36.0	37.0
19_01_ADNmF1C2r_1	1.0	6.0	64.0	221.0	876.0	1964.0	3592.0	4899.0	7523.0	11554.0	18861.0	29211.0	47119.0	71751.0	111276.0	160206.0	226947.0	303816.0	411224.0	538500.0	761907.0	1115986.0	2132082.0	16260281.0	2955457.0
	11.0	12.0	13.0	14.0	15.0	16.0	17.0	18.0	19.0	20.0	21.0	22.0	23.0	24.0	25.0	26.0	27.0	28.0	29.0	30.0	31.0	32.0	33.0	34.0	35.0	36.0	37.0
19_01_ADNmF1C2r_2	55.0	2850.0	14062.0	16878.0	11501.0	7391.0	6754.0	8521.0	14132.0	23146.0	31289.0	32589.0	33478.0	37896.0	49812.0	65250.0	89493.0	119457.0	162707.0	218930.0	303861.0	414887.0	607750.0	992821.0	2916523.0	17572546.0	1420745.0
	14.0	15.0	16.0	17.0	18.0	19.0	20.0	21.0	22.0	23.0	24.0	25.0	26.0	27.0	28.0	29.0	30.0	31.0	32.0	33.0	34.0	35.0	36.0	37.0
19_01_ADNmF2C2r_1	7.0	60.0	275.0	1000.0	2527.0	4257.0	5785.0	8357.0	12997.0	20765.0	31697.0	49230.0	74300.0	112952.0	161310.0	230452.0	313776.0	425368.0	566504.0	801009.0	1161573.0	2182045.0	17066682.0	3433450.0
	11.0	12.0	13.0	14.0	15.0	16.0	17.0	18.0	19.0	20.0	21.0	22.0	23.0	24.0	25.0	26.0	27.0	28.0	29.0	30.0	31.0	32.0	33.0	34.0	35.0	36.0	37.0
19_01_ADNmF2C2r_2	56.0	2362.0	11828.0	14179.0	10720.0	7239.0	6225.0	7481.0	13028.0	23978.0	34483.0	35833.0	34280.0	36685.0	46255.0	60589.0	83221.0	113125.0	157389.0	215276.0	303305.0	422312.0	629146.0	1044296.0	2991847.0	18670919.0	1690321.0
	14.0	15.0	16.0	17.0	18.0	19.0	20.0	21.0	22.0	23.0	24.0	25.0	26.0	27.0	28.0	29.0	30.0	31.0	32.0	33.0	34.0	35.0	36.0	37.0
19_01_AN_F1C11_1	10.0	58.0	327.0	935.0	2199.0	3640.0	5643.0	8696.0	13837.0	21489.0	32646.0	50709.0	76886.0	117482.0	168726.0	239668.0	324125.0	435632.0	571899.0	797176.0	1177416.0	2294498.0	18526823.0	3638549.0
	11.0	12.0	13.0	14.0	15.0	16.0	17.0	18.0	19.0	20.0	21.0	22.0	23.0	24.0	25.0	26.0	27.0	28.0	29.0	30.0	31.0	32.0	33.0	34.0	35.0	36.0	37.0
19_01_AN_F1C11_2	47.0	2482.0	12656.0	15225.0	11284.0	7222.0	6144.0	7390.0	13571.0	25437.0	35900.0	35289.0	33953.0	36897.0	48027.0	63066.0	86877.0	117020.0	162195.0	223472.0	315237.0	439663.0	657394.0	1087990.0	3084424.0	20101359.0	1878848.0
	13.0	14.0	15.0	16.0	17.0	18.0	19.0	20.0	21.0	22.0	23.0	24.0	25.0	26.0	27.0	28.0	29.0	30.0	31.0	32.0	33.0	34.0	35.0	36.0	37.0
19_01_AN_F1C12_1	1.0	9.0	46.0	125.0	556.0	1541.0	2253.0	2469.0	3411.0	5573.0	9807.0	16834.0	30362.0	53022.0	87908.0	132344.0	192865.0	264950.0	364687.0	483285.0	686968.0	1041823.0	2053797.0	17471664.0	3379344.0
	11.0	12.0	13.0	14.0	15.0	16.0	17.0	18.0	19.0	20.0	21.0	22.0	23.0	24.0	25.0	26.0	27.0	28.0	29.0	30.0	31.0	32.0	33.0	34.0	35.0	36.0	37.0
19_01_AN_F1C12_2	36.0	1870.0	9871.0	12300.0	9027.0	5780.0	4432.0	5317.0	8919.0	16404.0	25567.0	29818.0	31045.0	32836.0	41703.0	54799.0	76235.0	103801.0	144274.0	197938.0	276956.0	382942.0	567412.0	940575.0	2810864.0	18846452.0	1648471.0
	14.0	15.0	16.0	17.0	18.0	19.0	20.0	21.0	22.0	23.0	24.0	25.0	26.0	27.0	28.0	29.0	30.0	31.0	32.0	33.0	34.0	35.0	36.0	37.0
19_01_AN_F2C11_1	1.0	66.0	295.0	1004.0	2088.0	3753.0	5878.0	9232.0	14022.0	22418.0	34251.0	54000.0	81909.0	126742.0	183081.0	261307.0	350447.0	470528.0	616140.0	858068.0	1278425.0	2483817.0	19467691.0	3623316.0
	11.0	12.0	13.0	14.0	15.0	16.0	17.0	18.0	19.0	20.0	21.0	22.0	23.0	24.0	25.0	26.0	27.0	28.0	29.0	30.0	31.0	32.0	33.0	34.0	35.0	36.0	37.0
19_01_AN_F2C11_2	54.0	2655.0	12592.0	14764.0	10631.0	7152.0	6178.0	7832.0	13352.0	22724.0	30339.0	31829.0	33319.0	39229.0	52619.0	69029.0	95290.0	128368.0	178062.0	243923.0	344103.0	478779.0	710163.0	1176003.0	3411686.0	20993435.0	1834369.0
	14.0	15.0	16.0	17.0	18.0	19.0	20.0	21.0	22.0	23.0	24.0	25.0	26.0	27.0	28.0	29.0	30.0	31.0	32.0	33.0	34.0	35.0	36.0	37.0
19_01_AN_F2C12_1	8.0	33.0	108.0	460.0	1038.0	1713.0	2118.0	3121.0	5102.0	8945.0	15090.0	27969.0	48256.0	82206.0	126439.0	188192.0	262032.0	365308.0	517665.0	726202.0	1098518.0	2061368.0	16524167.0	3574352.0
	11.0	12.0	13.0	14.0	15.0	16.0	17.0	18.0	19.0	20.0	21.0	22.0	23.0	24.0	25.0	26.0	27.0	28.0	29.0	30.0	31.0	32.0	33.0	34.0	35.0	36.0	37.0
19_01_AN_F2C12_2	13.0	1461.0	8835.0	11677.0	9018.0	5887.0	4566.0	4774.0	8057.0	15432.0	24541.0	28506.0	29101.0	29490.0	37015.0	49083.0	68677.0	94625.0	134444.0	187071.0	266336.0	372988.0	558349.0	940602.0	2839237.0	18203560.0	1707065.0
	13.0	14.0	15.0	16.0	17.0	18.0	19.0	20.0	21.0	22.0	23.0	24.0	25.0	26.0	27.0	28.0	29.0	30.0	31.0	32.0	33.0	34.0	35.0	36.0	37.0
19_01_ANmF1C11_1	32.0	158.0	439.0	597.0	693.0	751.0	744.0	877.0	1176.0	1795.0	2694.0	4449.0	8409.0	15962.0	29363.0	47845.0	73869.0	102685.0	140296.0	183537.0	259904.0	444948.0	1524750.0	15209293.0	6487137.0
	11.0	12.0	13.0	14.0	15.0	16.0	17.0	18.0	19.0	20.0	21.0	22.0	23.0	24.0	25.0	26.0	27.0	28.0	29.0	30.0	31.0	32.0	33.0	34.0	35.0	36.0	37.0
19_01_ANmF1C11_2	87.0	1374.0	5693.0	8284.0	6513.0	4267.0	3258.0	3204.0	3691.0	5317.0	8837.0	12212.0	15669.0	17609.0	17560.0	19811.0	25636.0	33486.0	45283.0	61564.0	88151.0	130048.0	225295.0	487299.0	1902307.0	18407555.0	3002393.0
	13.0	14.0	15.0	16.0	17.0	18.0	19.0	20.0	21.0	22.0	23.0	24.0	25.0	26.0	27.0	28.0	29.0	30.0	31.0	32.0	33.0	34.0	35.0	36.0	37.0
19_01_ANmF1C12_1	1.0	11.0	25.0	115.0	475.0	1181.0	2035.0	2398.0	3619.0	5533.0	9604.0	15916.0	28462.0	48907.0	82962.0	126708.0	189662.0	267487.0	374319.0	505509.0	735702.0	1097952.0	2106672.0	17192283.0	3638865.0
	11.0	12.0	13.0	14.0	15.0	16.0	17.0	18.0	19.0	20.0	21.0	22.0	23.0	24.0	25.0	26.0	27.0	28.0	29.0	30.0	31.0	32.0	33.0	34.0	35.0	36.0	37.0
19_01_ANmF1C12_2	32.0	1694.0	9126.0	11176.0	8284.0	5664.0	4435.0	4932.0	8577.0	15907.0	25102.0	28964.0	29429.0	30927.0	39131.0	52115.0	73517.0	102657.0	145762.0	202313.0	287522.0	401247.0	592143.0	975215.0	2828760.0	18886479.0	1665293.0
	12.0	13.0	14.0	15.0	16.0	17.0	18.0	19.0	20.0	21.0	22.0	23.0	24.0	25.0	26.0	27.0	28.0	29.0	30.0	31.0	32.0	33.0	34.0	35.0	36.0	37.0
19_01_ANmF2C11_1	2.0	29.0	161.0	374.0	531.0	647.0	727.0	823.0	899.0	1324.0	1940.0	3007.0	5024.0	9326.0	16814.0	30216.0	48354.0	72824.0	100396.0	135578.0	177439.0	250785.0	423626.0	1255492.0	13848253.0	5850404.0
	9.0	10.0	11.0	12.0	13.0	14.0	15.0	16.0	17.0	18.0	19.0	20.0	21.0	22.0	23.0	24.0	25.0	26.0	27.0	28.0	29.0	30.0	31.0	32.0	33.0	34.0	35.0	36.0	37.0
19_01_ANmF2C11_2	1.0	0.0	132.0	5464.0	23612.0	36292.0	29090.0	15820.0	9878.0	8573.0	10103.0	15191.0	27783.0	38404.0	36492.0	28915.0	25387.0	25463.0	29185.0	35940.0	46761.0	61705.0	86240.0	124775.0	207604.0	436327.0	1631571.0	16366885.0	2871402.0
	13.0	14.0	15.0	16.0	17.0	18.0	19.0	20.0	21.0	22.0	23.0	24.0	25.0	26.0	27.0	28.0	29.0	30.0	31.0	32.0	33.0	34.0	35.0	36.0	37.0
19_01_ANmF2C12_1	1.0	6.0	20.0	100.0	382.0	751.0	1409.0	1850.0	2824.0	4720.0	8171.0	14310.0	25736.0	44807.0	75891.0	117969.0	177688.0	250149.0	347521.0	474095.0	691223.0	1034714.0	1988382.0	15642630.0	2734422.0
	11.0	12.0	13.0	14.0	15.0	16.0	17.0	18.0	19.0	20.0	21.0	22.0	23.0	24.0	25.0	26.0	27.0	28.0	29.0	30.0	31.0	32.0	33.0	34.0	35.0	36.0	37.0
19_01_ANmF2C12_2	14.0	1286.0	7517.0	9886.0	7157.0	5037.0	3913.0	4214.0	7227.0	13642.0	21897.0	25145.0	25627.0	27912.0	36122.0	48478.0	69358.0	96548.0	136304.0	191547.0	270784.0	375751.0	551548.0	913462.0	2715099.0	16760001.0	1314295.0
	12.0	13.0	14.0	15.0	16.0	17.0	18.0	19.0	20.0	21.0	22.0	23.0	24.0	25.0	26.0	27.0	28.0	29.0	30.0	31.0	32.0	33.0	34.0	35.0	36.0	37.0
19_10_AN_F1C8_1	1.0	5.0	22.0	77.0	335.0	1265.0	3354.0	5575.0	6464.0	8525.0	12154.0	18202.0	27548.0	43367.0	68554.0	106746.0	154980.0	222280.0	301332.0	407099.0	546715.0	740282.0	1058917.0	1921872.0	17715185.0	6379931.0
	11.0	12.0	13.0	14.0	15.0	16.0	17.0	18.0	19.0	20.0	21.0	22.0	23.0	24.0	25.0	26.0	27.0	28.0	29.0	30.0	31.0	32.0	33.0	34.0	35.0	36.0	37.0
19_10_AN_F1C8_2	20.0	1542.0	12115.0	20163.0	17339.0	12380.0	9211.0	8955.0	13877.0	27077.0	43555.0	49435.0	41582.0	31303.0	28388.0	30527.0	37384.0	46844.0	62636.0	83437.0	118024.0	168597.0	268266.0	487085.0	1468426.0	21550758.0	5111861.0
	12.0	13.0	14.0	15.0	16.0	17.0	18.0	19.0	20.0	21.0	22.0	23.0	24.0	25.0	26.0	27.0	28.0	29.0	30.0	31.0	32.0	33.0	34.0	35.0	36.0	37.0
19_10_AN_F2C8_1	1.0	3.0	16.0	86.0	321.0	956.0	2220.0	4110.0	5353.0	7747.0	11560.0	16739.0	24391.0	37289.0	56750.0	88700.0	130003.0	189482.0	257555.0	353980.0	463812.0	635003.0	922558.0	1723188.0	17390195.0	6678526.0
	11.0	12.0	13.0	14.0	15.0	16.0	17.0	18.0	19.0	20.0	21.0	22.0	23.0	24.0	25.0	26.0	27.0	28.0	29.0	30.0	31.0	32.0	33.0	34.0	35.0	36.0	37.0
19_10_AN_F2C8_2	29.0	1685.0	11182.0	18447.0	16371.0	12104.0	9369.0	9402.0	14389.0	27617.0	46728.0	53563.0	43371.0	31524.0	28787.0	30814.0	39125.0	48740.0	65374.0	87208.0	122561.0	175516.0	276200.0	503131.0	1545969.0	21361581.0	4419757.0
	14.0	15.0	16.0	17.0	18.0	19.0	20.0	21.0	22.0	23.0	24.0	25.0	26.0	27.0	28.0	29.0	30.0	31.0	32.0	33.0	34.0	35.0	36.0	37.0
19_10_ANmF1C8_1	17.0	108.0	303.0	1160.0	3047.0	5064.0	5900.0	7665.0	10816.0	16457.0	23587.0	36955.0	57808.0	90201.0	130389.0	186762.0	251305.0	339249.0	441151.0	603584.0	853655.0	1569259.0	15392650.0	5547009.0
	11.0	12.0	13.0	14.0	15.0	16.0	17.0	18.0	19.0	20.0	21.0	22.0	23.0	24.0	25.0	26.0	27.0	28.0	29.0	30.0	31.0	32.0	33.0	34.0	35.0	36.0	37.0
19_10_ANmF1C8_2	36.0	2062.0	13536.0	18802.0	14942.0	10173.0	7966.0	8343.0	12942.0	23806.0	38834.0	41824.0	34783.0	26207.0	25425.0	28769.0	36608.0	47378.0	63499.0	84700.0	118214.0	168752.0	264715.0	479878.0	1454455.0	18785226.0	3762226.0
	13.0	14.0	15.0	16.0	17.0	18.0	19.0	20.0	21.0	22.0	23.0	24.0	25.0	26.0	27.0	28.0	29.0	30.0	31.0	32.0	33.0	34.0	35.0	36.0	37.0
19_10_ANmF2C8_1	2.0	17.0	86.0	276.0	995.0	2739.0	4840.0	6026.0	8289.0	12153.0	18190.0	27179.0	43362.0	68043.0	106683.0	153806.0	217111.0	291973.0	388076.0	502032.0	682421.0	977393.0	1802038.0	17337691.0	5848760.0
	11.0	12.0	13.0	14.0	15.0	16.0	17.0	18.0	19.0	20.0	21.0	22.0	23.0	24.0	25.0	26.0	27.0	28.0	29.0	30.0	31.0	32.0	33.0	34.0	35.0	36.0	37.0
19_10_ANmF2C8_2	23.0	1386.0	9511.0	12619.0	9929.0	6773.0	5120.0	5686.0	8558.0	15916.0	26109.0	30567.0	27695.0	24839.0	26783.0	31682.0	40570.0	51492.0	68699.0	92112.0	128588.0	181930.0	285992.0	519248.0	1572623.0	21031018.0	4284713.0
	14.0	15.0	16.0	17.0	18.0	19.0	20.0	21.0	22.0	23.0	24.0	25.0	26.0	27.0	28.0	29.0	30.0	31.0	32.0	33.0	34.0	35.0	36.0	37.0
19_4_MMmAN_F1C5_1	1.0	23.0	133.0	401.0	951.0	2015.0	3304.0	4944.0	7251.0	11430.0	18033.0	29972.0	47603.0	75264.0	111281.0	159115.0	211629.0	277711.0	355244.0	491578.0	748293.0	1565939.0	17611752.0	4209582.0
	11.0	12.0	13.0	14.0	15.0	16.0	17.0	18.0	19.0	20.0	21.0	22.0	23.0	24.0	25.0	26.0	27.0	28.0	29.0	30.0	31.0	32.0	33.0	34.0	35.0	36.0	37.0
19_4_MMmAN_F1C5_2	8.0	577.0	2725.0	3088.0	2430.0	1788.0	1586.0	1779.0	2786.0	4511.0	6831.0	8526.0	11289.0	15389.0	21382.0	28655.0	39303.0	53063.0	72990.0	99794.0	141943.0	201735.0	318724.0	592573.0	2155977.0	20385375.0	1768622.0
	14.0	15.0	16.0	17.0	18.0	19.0	20.0	21.0	22.0	23.0	24.0	25.0	26.0	27.0	28.0	29.0	30.0	31.0	32.0	33.0	34.0	35.0	36.0	37.0
19_4_MMmAN_F2C5_1	2.0	23.0	158.0	508.0	1390.0	2612.0	3963.0	6117.0	8825.0	13934.0	21789.0	34228.0	53037.0	83378.0	124091.0	178779.0	240577.0	319176.0	412694.0	569188.0	866824.0	1826062.0	20297177.0	4868842.0
	11.0	12.0	13.0	14.0	15.0	16.0	17.0	18.0	19.0	20.0	21.0	22.0	23.0	24.0	25.0	26.0	27.0	28.0	29.0	30.0	31.0	32.0	33.0	34.0	35.0	36.0	37.0
19_4_MMmAN_F2C5_2	15.0	586.0	2177.0	2341.0	1980.0	1431.0	1342.0	1637.0	2607.0	4563.0	7086.0	9693.0	13656.0	19564.0	27919.0	37364.0	51656.0	69691.0	95918.0	130523.0	183046.0	260814.0	414412.0	787119.0	3009700.0	23074247.0	1722287.0
	14.0	15.0	16.0	17.0	18.0	19.0	20.0	21.0	22.0	23.0	24.0	25.0	26.0	27.0	28.0	29.0	30.0	31.0	32.0	33.0	34.0	35.0	36.0	37.0
19_4_MMmANmF1C5_1	2.0	28.0	164.0	425.0	1168.0	2329.0	3730.0	5623.0	8335.0	12645.0	19707.0	30867.0	47911.0	75231.0	111962.0	162033.0	218579.0	291324.0	377004.0	531193.0	827395.0	1782896.0	19697732.0	4360536.0
	11.0	12.0	13.0	14.0	15.0	16.0	17.0	18.0	19.0	20.0	21.0	22.0	23.0	24.0	25.0	26.0	27.0	28.0	29.0	30.0	31.0	32.0	33.0	34.0	35.0	36.0	37.0
19_4_MMmANmF1C5_2	10.0	473.0	2433.0	3424.0	3024.0	2131.0	1679.0	1855.0	3068.0	5186.0	8075.0	9566.0	11375.0	14817.0	20794.0	27884.0	38599.0	53021.0	74779.0	102949.0	147604.0	212492.0	342132.0	651314.0	2395744.0	22320859.0	2113532.0
	14.0	15.0	16.0	17.0	18.0	19.0	20.0	21.0	22.0	23.0	24.0	25.0	26.0	27.0	28.0	29.0	30.0	31.0	32.0	33.0	34.0	35.0	36.0	37.0
19_4_MMmANmF2C5_1	2.0	17.0	110.0	349.0	950.0	1835.0	2861.0	4386.0	6407.0	10187.0	15892.0	26089.0	40209.0	64343.0	93960.0	135272.0	181982.0	242179.0	310607.0	426573.0	645147.0	1375261.0	15592282.0	3521469.0
	11.0	12.0	13.0	14.0	15.0	16.0	17.0	18.0	19.0	20.0	21.0	22.0	23.0	24.0	25.0	26.0	27.0	28.0	29.0	30.0	31.0	32.0	33.0	34.0	35.0	36.0	37.0
19_4_MMmANmF2C5_2	16.0	625.0	2437.0	2510.0	2020.0	1666.0	1358.0	1518.0	2446.0	4164.0	6222.0	7767.0	10467.0	14061.0	19839.0	25950.0	35103.0	46926.0	64536.0	88839.0	125850.0	180156.0	289917.0	553749.0	2106367.0	17585876.0	1517984.0
	13.0	14.0	15.0	16.0	17.0	18.0	19.0	20.0	21.0	22.0	23.0	24.0	25.0	26.0	27.0	28.0	29.0	30.0	31.0	32.0	33.0	34.0	35.0	36.0	37.0
1_1	2.0	21.0	191.0	832.0	2249.0	3885.0	6659.0	10540.0	17492.0	26570.0	39453.0	55547.0	79317.0	110262.0	158168.0	214209.0	287804.0	369070.0	477409.0	603479.0	824016.0	1197886.0	2343972.0	17588433.0	4305741.0
	11.0	12.0	13.0	14.0	15.0	16.0	17.0	18.0	19.0	20.0	21.0	22.0	23.0	24.0	25.0	26.0	27.0	28.0	29.0	30.0	31.0	32.0	33.0	34.0	35.0	36.0	37.0
1_2	32.0	1682.0	7948.0	9801.0	7579.0	5653.0	5418.0	6966.0	11769.0	19391.0	26753.0	29215.0	30673.0	36703.0	47775.0	60729.0	82406.0	105431.0	140850.0	184803.0	253001.0	344087.0	518995.0	894956.0	2535498.0	20240652.0	3114441.0
	14.0	15.0	16.0	17.0	18.0	19.0	20.0	21.0	22.0	23.0	24.0	25.0	26.0	27.0	28.0	29.0	30.0	31.0	32.0	33.0	34.0	35.0	36.0	37.0
23_4MMmADN_F1C2_1	9.0	32.0	262.0	838.0	1792.0	2593.0	2877.0	4083.0	6176.0	9729.0	14823.0	24103.0	38621.0	60830.0	89877.0	129879.0	177424.0	244396.0	340981.0	484049.0	736899.0	1473451.0	13429113.0	3475376.0
	11.0	12.0	13.0	14.0	15.0	16.0	17.0	18.0	19.0	20.0	21.0	22.0	23.0	24.0	25.0	26.0	27.0	28.0	29.0	30.0	31.0	32.0	33.0	34.0	35.0	36.0	37.0
23_4MMmADN_F1C2_2	21.0	1338.0	4876.0	4967.0	3236.0	2035.0	1753.0	2116.0	3452.0	6224.0	9553.0	11769.0	13603.0	16455.0	22729.0	30489.0	41312.0	55101.0	75661.0	103567.0	148177.0	213939.0	341879.0	602284.0	1712453.0	15116912.0	2202312.0
	14.0	15.0	16.0	17.0	18.0	19.0	20.0	21.0	22.0	23.0	24.0	25.0	26.0	27.0	28.0	29.0	30.0	31.0	32.0	33.0	34.0	35.0	36.0	37.0
23_4MMmADN_F2C2_1	3.0	23.0	92.0	391.0	783.0	1265.0	1835.0	2908.0	4730.0	7933.0	12966.0	21759.0	35745.0	59744.0	91209.0	135440.0	188868.0	261116.0	357195.0	525105.0	806948.0	1649722.0	17226407.0	4337871.0
	11.0	12.0	13.0	14.0	15.0	16.0	17.0	18.0	19.0	20.0	21.0	22.0	23.0	24.0	25.0	26.0	27.0	28.0	29.0	30.0	31.0	32.0	33.0	34.0	35.0	36.0	37.0
23_4MMmADN_F2C2_2	39.0	2134.0	8571.0	8686.0	5663.0	3585.0	2994.0	3569.0	5805.0	10337.0	16126.0	18844.0	18795.0	19530.0	24035.0	30599.0	41746.0	55783.0	77360.0	106417.0	153631.0	223633.0	359290.0	638737.0	1907996.0	19236680.0	2749473.0
	14.0	15.0	16.0	17.0	18.0	19.0	20.0	21.0	22.0	23.0	24.0	25.0	26.0	27.0	28.0	29.0	30.0	31.0	32.0	33.0	34.0	35.0	36.0	37.0
23_4MMmADNmF1C2_1	3.0	22.0	92.0	337.0	604.0	1009.0	1597.0	2563.0	4135.0	7093.0	11577.0	19854.0	33048.0	54481.0	83135.0	124673.0	172588.0	242065.0	345686.0	507354.0	775703.0	1527133.0	14300159.0	3698367.0
	11.0	12.0	13.0	14.0	15.0	16.0	17.0	18.0	19.0	20.0	21.0	22.0	23.0	24.0	25.0	26.0	27.0	28.0	29.0	30.0	31.0	32.0	33.0	34.0	35.0	36.0	37.0
23_4MMmADNmF1C2_2	27.0	1747.0	6390.0	5888.0	3899.0	2429.0	2085.0	2373.0	3927.0	6912.0	10442.0	12217.0	13229.0	15068.0	19623.0	25618.0	34965.0	47393.0	66855.0	93880.0	138025.0	203823.0	332124.0	591511.0	1747586.0	16210926.0	2314316.0
	14.0	15.0	16.0	17.0	18.0	19.0	20.0	21.0	22.0	23.0	24.0	25.0	26.0	27.0	28.0	29.0	30.0	31.0	32.0	33.0	34.0	35.0	36.0	37.0
23_4MMmADNmF2C2_1	9.0	78.0	470.0	1635.0	3277.0	4595.0	5145.0	7058.0	10170.0	15236.0	22145.0	34287.0	52616.0	79315.0	112201.0	157846.0	212957.0	290299.0	394631.0	566357.0	855927.0	1705341.0	15463400.0	3924596.0
	11.0	12.0	13.0	14.0	15.0	16.0	17.0	18.0	19.0	20.0	21.0	22.0	23.0	24.0	25.0	26.0	27.0	28.0	29.0	30.0	31.0	32.0	33.0	34.0	35.0	36.0	37.0
23_4MMmADNmF2C2_2	35.0	1574.0	5829.0	6169.0	4066.0	2610.0	2400.0	2954.0	4951.0	8591.0	12373.0	14706.0	16728.0	21213.0	29548.0	38482.0	52413.0	69127.0	95250.0	130265.0	185615.0	269358.0	434058.0	784684.0	2341338.0	17348364.0	2036890.0
	13.0	14.0	15.0	16.0	17.0	18.0	19.0	20.0	21.0	22.0	23.0	24.0	25.0	26.0	27.0	28.0	29.0	30.0	31.0	32.0	33.0	34.0	35.0	36.0	37.0
29_11_AN_F1C15_1	1.0	10.0	28.0	81.0	168.0	342.0	609.0	795.0	1400.0	2322.0	3942.0	6891.0	11900.0	21760.0	38513.0	60762.0	91789.0	127464.0	171786.0	222282.0	306645.0	470000.0	1063842.0	15196394.0	5389618.0
	11.0	12.0	13.0	14.0	15.0	16.0	17.0	18.0	19.0	20.0	21.0	22.0	23.0	24.0	25.0	26.0	27.0	28.0	29.0	30.0	31.0	32.0	33.0	34.0	35.0	36.0	37.0
29_11_AN_F1C15_2	47.0	2273.0	7969.0	8449.0	5770.0	3700.0	2936.0	3227.0	4716.0	7694.0	12209.0	14691.0	16769.0	19075.0	23102.0	27886.0	36433.0	48034.0	64835.0	86401.0	119768.0	162505.0	245095.0	435351.0	1455401.0	17807894.0	2567114.0
	13.0	14.0	15.0	16.0	17.0	18.0	19.0	20.0	21.0	22.0	23.0	24.0	25.0	26.0	27.0	28.0	29.0	30.0	31.0	32.0	33.0	34.0	35.0	36.0	37.0
29_11_AN_F2C15_1	1.0	13.0	45.0	191.0	589.0	1139.0	1624.0	2254.0	3711.0	6118.0	9904.0	16818.0	28496.0	46846.0	75514.0	111066.0	159389.0	215838.0	293631.0	395777.0	645756.0	1051116.0	2050892.0	18504762.0	6272485.0
	11.0	12.0	13.0	14.0	15.0	16.0	17.0	18.0	19.0	20.0	21.0	22.0	23.0	24.0	25.0	26.0	27.0	28.0	29.0	30.0	31.0	32.0	33.0	34.0	35.0	36.0	37.0
29_11_AN_F2C15_2	26.0	1522.0	7323.0	7448.0	4575.0	2825.0	2244.0	2263.0	3573.0	6403.0	10426.0	12710.0	13781.0	14930.0	18108.0	21419.0	27304.0	35825.0	48727.0	66865.0	94992.0	136570.0	216240.0	391931.0	1245900.0	23128524.0	4371521.0
	14.0	15.0	16.0	17.0	18.0	19.0	20.0	21.0	22.0	23.0	24.0	25.0	26.0	27.0	28.0	29.0	30.0	31.0	32.0	33.0	34.0	35.0	36.0	37.0
29_11_ANmF1C15_1	4.0	32.0	75.0	182.0	368.0	629.0	914.0	1483.0	2446.0	4216.0	7100.0	13001.0	23708.0	41610.0	65686.0	99242.0	136166.0	181899.0	236092.0	342528.0	552120.0	1190783.0	16074653.0	5745838.0
	11.0	12.0	13.0	14.0	15.0	16.0	17.0	18.0	19.0	20.0	21.0	22.0	23.0	24.0	25.0	26.0	27.0	28.0	29.0	30.0	31.0	32.0	33.0	34.0	35.0	36.0	37.0
29_11_ANmF1C15_2	64.0	3070.0	10720.0	10334.0	6993.0	4215.0	3412.0	3605.0	5491.0	9324.0	14720.0	18396.0	20770.0	24181.0	28753.0	34571.0	44165.0	56803.0	75835.0	100130.0	134036.0	180172.0	268887.0	468140.0	1556891.0	18997709.0	2639388.0
	13.0	14.0	15.0	16.0	17.0	18.0	19.0	20.0	21.0	22.0	23.0	24.0	25.0	26.0	27.0	28.0	29.0	30.0	31.0	32.0	33.0	34.0	35.0	36.0	37.0
29_11_ANmF2C15_1	2.0	5.0	30.0	63.0	139.0	308.0	581.0	867.0	1327.0	2125.0	3566.0	5960.0	10864.0	19285.0	33972.0	54498.0	82204.0	113749.0	153317.0	198286.0	271862.0	414474.0	899327.0	13755657.0	5185772.0
	11.0	12.0	13.0	14.0	15.0	16.0	17.0	18.0	19.0	20.0	21.0	22.0	23.0	24.0	25.0	26.0	27.0	28.0	29.0	30.0	31.0	32.0	33.0	34.0	35.0	36.0	37.0
29_11_ANmF2C15_2	41.0	1824.0	6339.0	6778.0	4701.0	2919.0	2237.0	2236.0	3321.0	5942.0	10035.0	12754.0	14309.0	16100.0	19997.0	24477.0	32365.0	41625.0	56749.0	76735.0	104329.0	142299.0	212072.0	368247.0	1166559.0	15999319.0	2873931.0
	13.0	14.0	15.0	16.0	17.0	18.0	19.0	20.0	21.0	22.0	23.0	24.0	25.0	26.0	27.0	28.0	29.0	30.0	31.0	32.0	33.0	34.0	35.0	36.0	37.0
2_1	1.0	22.0	230.0	935.0	2518.0	4477.0	7166.0	11640.0	19001.0	28465.0	41890.0	58944.0	82762.0	115309.0	164851.0	224959.0	303866.0	392205.0	511514.0	647847.0	881780.0	1292664.0	2499256.0	18076625.0	4411507.0
	11.0	12.0	13.0	14.0	15.0	16.0	17.0	18.0	19.0	20.0	21.0	22.0	23.0	24.0	25.0	26.0	27.0	28.0	29.0	30.0	31.0	32.0	33.0	34.0	35.0	36.0	37.0
2_2	23.0	1679.0	8991.0	12173.0	9829.0	6965.0	6174.0	7850.0	13215.0	23290.0	32890.0	34018.0	33411.0	37131.0	48307.0	62750.0	85107.0	112887.0	152840.0	203997.0	279384.0	383255.0	582597.0	1012573.0	2848746.0	20816827.0	2963525.0
	13.0	14.0	15.0	16.0	17.0	18.0	19.0	20.0	21.0	22.0	23.0	24.0	25.0	26.0	27.0	28.0	29.0	30.0	31.0	32.0	33.0	34.0	35.0	36.0	37.0
3_1	1.0	24.0	200.0	989.0	2483.0	4391.0	7242.0	11300.0	18605.0	28703.0	42784.0	60188.0	85343.0	118956.0	168883.0	229142.0	309030.0	396818.0	513862.0	673016.0	898611.0	1300450.0	2452570.0	17655469.0	4856559.0
	11.0	12.0	13.0	14.0	15.0	16.0	17.0	18.0	19.0	20.0	21.0	22.0	23.0	24.0	25.0	26.0	27.0	28.0	29.0	30.0	31.0	32.0	33.0	34.0	35.0	36.0	37.0
3_2	58.0	2174.0	10073.0	11937.0	9789.0	6954.0	6563.0	8792.0	14460.0	24148.0	32962.0	35718.0	38916.0	46568.0	61963.0	79710.0	105038.0	136427.0	180306.0	235473.0	315501.0	427370.0	642189.0	1129375.0	3287617.0	20599941.0	2385597.0
	14.0	15.0	16.0	17.0	18.0	19.0	20.0	21.0	22.0	23.0	24.0	25.0	26.0	27.0	28.0	29.0	30.0	31.0	32.0	33.0	34.0	35.0	36.0	37.0
4_1	25.0	218.0	1014.0	2841.0	4730.0	8045.0	12474.0	20099.0	30271.0	44609.0	61813.0	87184.0	120492.0	170212.0	230308.0	310546.0	398965.0	516813.0	655382.0	908869.0	1336637.0	2634015.0	18377813.0	3870394.0
	11.0	12.0	13.0	14.0	15.0	16.0	17.0	18.0	19.0	20.0	21.0	22.0	23.0	24.0	25.0	26.0	27.0	28.0	29.0	30.0	31.0	32.0	33.0	34.0	35.0	36.0	37.0
4_2	40.0	1920.0	9375.0	11675.0	9184.0	6459.0	6282.0	7889.0	12875.0	21556.0	29855.0	32252.0	32183.0	36327.0	47719.0	61211.0	81828.0	107952.0	144662.0	192471.0	263977.0	364398.0	558545.0	981767.0	2827487.0	20876904.0	3076976.0
	14.0	15.0	16.0	17.0	18.0	19.0	20.0	21.0	22.0	23.0	24.0	25.0	26.0	27.0	28.0	29.0	30.0	31.0	32.0	33.0	34.0	35.0	36.0	37.0
5_1	33.0	278.0	1315.0	3516.0	6015.0	7789.0	9790.0	14510.0	22932.0	34777.0	52032.0	78945.0	116331.0	170633.0	233148.0	316266.0	408991.0	534026.0	681402.0	938025.0	1356998.0	2587824.0	17883335.0	4464570.0
	11.0	12.0	13.0	14.0	15.0	16.0	17.0	18.0	19.0	20.0	21.0	22.0	23.0	24.0	25.0	26.0	27.0	28.0	29.0	30.0	31.0	32.0	33.0	34.0	35.0	36.0	37.0
5_2	48.0	2241.0	11884.0	14499.0	10074.0	6567.0	6082.0	7374.0	12208.0	20896.0	29645.0	32193.0	31868.0	35069.0	44960.0	57604.0	77929.0	102779.0	138895.0	184627.0	255966.0	351311.0	533631.0	916582.0	2596422.0	21276559.0	3165568.0
	13.0	14.0	15.0	16.0	17.0	18.0	19.0	20.0	21.0	22.0	23.0	24.0	25.0	26.0	27.0	28.0	29.0	30.0	31.0	32.0	33.0	34.0	35.0	36.0	37.0
6_1	2.0	7.0	116.0	451.0	1205.0	2076.0	3426.0	5158.0	8574.0	13585.0	21079.0	30984.0	46513.0	69611.0	103789.0	148486.0	207598.0	276730.0	369266.0	485227.0	689412.0	1029256.0	1996897.0	13757605.0	3493044.0
	11.0	12.0	13.0	14.0	15.0	16.0	17.0	18.0	19.0	20.0	21.0	22.0	23.0	24.0	25.0	26.0	27.0	28.0	29.0	30.0	31.0	32.0	33.0	34.0	35.0	36.0	37.0
6_2	90.0	4107.0	23324.0	30824.0	23640.0	14978.0	12380.0	14854.0	24933.0	45119.0	65918.0	64721.0	47643.0	33879.0	34205.0	40645.0	54342.0	71385.0	98525.0	133053.0	186661.0	261510.0	408604.0	745136.0	2312195.0	16169344.0	1838082.0
	13.0	14.0	15.0	16.0	17.0	18.0	19.0	20.0	21.0	22.0	23.0	24.0	25.0	26.0	27.0	28.0	29.0	30.0	31.0	32.0	33.0	34.0	35.0	36.0	37.0
7_1	1.0	11.0	111.0	401.0	1045.0	2129.0	3535.0	5626.0	9303.0	14685.0	22938.0	34249.0	53239.0	80217.0	119882.0	167176.0	229859.0	300822.0	392131.0	501542.0	687531.0	1026454.0	2005682.0	13892183.0	3216452.0
	11.0	12.0	13.0	14.0	15.0	16.0	17.0	18.0	19.0	20.0	21.0	22.0	23.0	24.0	25.0	26.0	27.0	28.0	29.0	30.0	31.0	32.0	33.0	34.0	35.0	36.0	37.0
7_2	89.0	5084.0	24282.0	26949.0	18188.0	11527.0	10400.0	13336.0	21904.0	35946.0	49985.0	49993.0	39220.0	30334.0	31997.0	38191.0	50375.0	65966.0	89094.0	120278.0	166671.0	233800.0	356543.0	624615.0	1845789.0	16280013.0	2526635.0
	13.0	14.0	15.0	16.0	17.0	18.0	19.0	20.0	21.0	22.0	23.0	24.0	25.0	26.0	27.0	28.0	29.0	30.0	31.0	32.0	33.0	34.0	35.0	36.0	37.0
8_1	2.0	45.0	371.0	1402.0	3763.0	6319.0	8203.0	10904.0	16231.0	23697.0	35555.0	51317.0	77060.0	110655.0	159430.0	215244.0	292678.0	377254.0	496585.0	655107.0	880008.0	1285773.0	2449041.0	16812781.0	3675066.0
	11.0	12.0	13.0	14.0	15.0	16.0	17.0	18.0	19.0	20.0	21.0	22.0	23.0	24.0	25.0	26.0	27.0	28.0	29.0	30.0	31.0	32.0	33.0	34.0	35.0	36.0	37.0
8_2	61.0	2457.0	12910.0	15853.0	11510.0	7820.0	7173.0	9024.0	15107.0	25375.0	35238.0	36410.0	34280.0	36255.0	46128.0	59552.0	80507.0	105550.0	142871.0	189031.0	260451.0	357826.0	542054.0	951505.0	2804092.0	19402769.0	2452682.0
	14.0	15.0	16.0	17.0	18.0	19.0	20.0	21.0	22.0	23.0	24.0	25.0	26.0	27.0	28.0	29.0	30.0	31.0	32.0	33.0	34.0	35.0	36.0	37.0
8_4_MMmAN_F1C6_1	3.0	11.0	38.0	116.0	358.0	668.0	952.0	1359.0	2234.0	4031.0	7720.0	15671.0	28560.0	50432.0	79951.0	119365.0	162521.0	218001.0	284226.0	422517.0	652125.0	1374840.0	15927060.0	4179671.0
	11.0	12.0	13.0	14.0	15.0	16.0	17.0	18.0	19.0	20.0	21.0	22.0	23.0	24.0	25.0	26.0	27.0	28.0	29.0	30.0	31.0	32.0	33.0	34.0	35.0	36.0	37.0
8_4_MMmAN_F1C6_2	3.0	404.0	2386.0	3475.0	2401.0	1420.0	1090.0	1171.0	1839.0	3334.0	5451.0	6921.0	8577.0	10672.0	14136.0	18881.0	26837.0	36763.0	53037.0	73131.0	105543.0	150593.0	236836.0	440145.0	1681776.0	18854501.0	1791107.0
	13.0	14.0	15.0	16.0	17.0	18.0	19.0	20.0	21.0	22.0	23.0	24.0	25.0	26.0	27.0	28.0	29.0	30.0	31.0	32.0	33.0	34.0	35.0	36.0	37.0
8_4_MMmAN_F2C6_1	1.0	1.0	13.0	37.0	124.0	322.0	622.0	923.0	1229.0	2085.0	4155.0	8146.0	16579.0	30713.0	55467.0	87887.0	132920.0	183207.0	245861.0	321712.0	482569.0	759197.0	1590027.0	16808613.0	4156171.0
	11.0	12.0	13.0	14.0	15.0	16.0	17.0	18.0	19.0	20.0	21.0	22.0	23.0	24.0	25.0	26.0	27.0	28.0	29.0	30.0	31.0	32.0	33.0	34.0	35.0	36.0	37.0
8_4_MMmAN_F2C6_2	8.0	359.0	2132.0	3081.0	2477.0	1557.0	1223.0	1236.0	1973.0	3657.0	5734.0	7521.0	9941.0	13365.0	18906.0	25630.0	36517.0	50352.0	72705.0	99825.0	142584.0	202737.0	319403.0	606030.0	2280616.0	19487204.0	1491808.0
	14.0	15.0	16.0	17.0	18.0	19.0	20.0	21.0	22.0	23.0	24.0	25.0	26.0	27.0	28.0	29.0	30.0	31.0	32.0	33.0	34.0	35.0	36.0	37.0
8_4_MMmANmF1C6_1	1.0	13.0	26.0	171.0	494.0	964.0	1267.0	1348.0	1840.0	3161.0	6205.0	12379.0	23713.0	42882.0	68924.0	103438.0	141892.0	191115.0	262140.0	375656.0	581102.0	1173871.0	13306323.0	3632510.0
	11.0	12.0	13.0	14.0	15.0	16.0	17.0	18.0	19.0	20.0	21.0	22.0	23.0	24.0	25.0	26.0	27.0	28.0	29.0	30.0	31.0	32.0	33.0	34.0	35.0	36.0	37.0
8_4_MMmANmF1C6_2	2.0	316.0	1928.0	3151.0	2241.0	1314.0	1075.0	1063.0	1692.0	2919.0	4608.0	6129.0	7856.0	10771.0	14899.0	20789.0	29392.0	40938.0	57463.0	80090.0	112844.0	159295.0	250250.0	473726.0	1896365.0	15710733.0	1039586.0
	14.0	15.0	16.0	17.0	18.0	19.0	20.0	21.0	22.0	23.0	24.0	25.0	26.0	27.0	28.0	29.0	30.0	31.0	32.0	33.0	34.0	35.0	36.0	37.0
8_4_MMmANmF2C6_1	2.0	21.0	57.0	190.0	657.0	1383.0	1646.0	1780.0	2220.0	3845.0	7087.0	14558.0	27633.0	50743.0	81149.0	121457.0	166435.0	223259.0	287353.0	398711.0	630636.0	1390620.0	16649647.0	3324493.0
	11.0	12.0	13.0	14.0	15.0	16.0	17.0	18.0	19.0	20.0	21.0	22.0	23.0	24.0	25.0	26.0	27.0	28.0	29.0	30.0	31.0	32.0	33.0	34.0	35.0	36.0	37.0
8_4_MMmANmF2C6_2	8.0	544.0	2355.0	3211.0	2245.0	1450.0	1243.0	1211.0	1945.0	3378.0	5356.0	6639.0	8753.0	11515.0	15704.0	21260.0	30281.0	41743.0	58560.0	81879.0	117850.0	168587.0	266354.0	502019.0	1916541.0	18519315.0	1595636.0
	14.0	15.0	16.0	17.0	18.0	19.0	20.0	21.0	22.0	23.0	24.0	25.0	26.0	27.0	28.0	29.0	30.0	31.0	32.0	33.0	34.0	35.0	36.0	37.0
ANLCFA_F1C12R_1	2.0	38.0	148.0	725.0	2002.0	3782.0	4688.0	6311.0	10314.0	18022.0	29904.0	50722.0	81065.0	123532.0	174239.0	240467.0	312909.0	407092.0	513611.0	688069.0	1021069.0	1989341.0	16110087.0	4417038.0
	11.0	12.0	13.0	14.0	15.0	16.0	17.0	18.0	19.0	20.0	21.0	22.0	23.0	24.0	25.0	26.0	27.0	28.0	29.0	30.0	31.0	32.0	33.0	34.0	35.0	36.0	37.0
ANLCFA_F1C12R_2	78.0	4044.0	20087.0	25115.0	18702.0	12182.0	10223.0	11187.0	18124.0	31957.0	48226.0	54998.0	51820.0	45348.0	48029.0	57198.0	73564.0	93445.0	122997.0	160173.0	217161.0	291829.0	432706.0	732785.0	2163250.0	18940715.0	2519234.0
	14.0	15.0	16.0	17.0	18.0	19.0	20.0	21.0	22.0	23.0	24.0	25.0	26.0	27.0	28.0	29.0	30.0	31.0	32.0	33.0	34.0	35.0	36.0	37.0
ANLCFA_F2C12R_1	5.0	23.0	157.0	658.0	1776.0	3324.0	4281.0	6042.0	9871.0	17159.0	28256.0	47099.0	71660.0	107559.0	151301.0	210233.0	275568.0	363561.0	465112.0	635158.0	959654.0	1891172.0	15488186.0	3566124.0
	11.0	12.0	13.0	14.0	15.0	16.0	17.0	18.0	19.0	20.0	21.0	22.0	23.0	24.0	25.0	26.0	27.0	28.0	29.0	30.0	31.0	32.0	33.0	34.0	35.0	36.0	37.0
ANLCFA_F2C12R_2	40.0	1899.0	11358.0	15971.0	12756.0	8677.0	6694.0	7081.0	11344.0	19807.0	30731.0	35050.0	34011.0	32648.0	38614.0	48559.0	64710.0	84627.0	114402.0	150549.0	205063.0	279679.0	423431.0	743605.0	2340592.0	17696349.0	1885692.0
	14.0	15.0	16.0	17.0	18.0	19.0	20.0	21.0	22.0	23.0	24.0	25.0	26.0	27.0	28.0	29.0	30.0	31.0	32.0	33.0	34.0	35.0	36.0	37.0
ANLCFAmF1C12R_1	5.0	51.0	331.0	1422.0	4248.0	8053.0	9136.0	10480.0	15224.0	25454.0	41041.0	65462.0	101533.0	149202.0	202801.0	271701.0	350174.0	458630.0	582640.0	783216.0	1165177.0	2264973.0	18381392.0	4780004.0
	11.0	12.0	13.0	14.0	15.0	16.0	17.0	18.0	19.0	20.0	21.0	22.0	23.0	24.0	25.0	26.0	27.0	28.0	29.0	30.0	31.0	32.0	33.0	34.0	35.0	36.0	37.0
ANLCFAmF1C12R_2	74.0	3371.0	16207.0	21566.0	17276.0	11359.0	8816.0	9631.0	16054.0	30191.0	47468.0	54583.0	52581.0	51452.0	59931.0	73316.0	95601.0	122360.0	160300.0	207109.0	277641.0	375041.0	562528.0	983979.0	3007334.0	21194912.0	2211669.0
	13.0	14.0	15.0	16.0	17.0	18.0	19.0	20.0	21.0	22.0	23.0	24.0	25.0	26.0	27.0	28.0	29.0	30.0	31.0	32.0	33.0	34.0	35.0	36.0	37.0
ANLCFAmF2C12R_1	1.0	7.0	47.0	252.0	1186.0	3432.0	6241.0	7276.0	8551.0	13078.0	21951.0	35001.0	56656.0	85639.0	123806.0	166056.0	223011.0	286106.0	372581.0	472972.0	633471.0	937477.0	1788261.0	14910638.0	4009964.0
	11.0	12.0	13.0	14.0	15.0	16.0	17.0	18.0	19.0	20.0	21.0	22.0	23.0	24.0	25.0	26.0	27.0	28.0	29.0	30.0	31.0	32.0	33.0	34.0	35.0	36.0	37.0
ANLCFAmF2C12R_2	64.0	3161.0	15596.0	20926.0	16620.0	11038.0	8749.0	9393.0	15552.0	28324.0	43341.0	46524.0	41401.0	38256.0	43420.0	53191.0	70502.0	92204.0	122433.0	161247.0	216584.0	293461.0	441367.0	771669.0	2382075.0	17466924.0	1749639.0

