Sample	FastQC_mqc-generalstats-fastqc-percent_duplicates	FastQC_mqc-generalstats-fastqc-percent_gc	FastQC_mqc-generalstats-fastqc-avg_sequence_length	FastQC_mqc-generalstats-fastqc-median_sequence_length	FastQC_mqc-generalstats-fastqc-percent_fails	FastQC_mqc-generalstats-fastqc-total_sequences
03_12_AN_F1C14_1	87.71559718613321	63.0	151.0	151	36.36363636363637	25004506.0
03_12_AN_F1C14_2	87.02000663827874	63.0	151.0	151	27.27272727272727	25004506.0
03_12_AN_F2C14_1	87.473791026507	63.0	151.0	151	45.45454545454545	22885775.0
03_12_AN_F2C14_2	85.9466628510722	63.0	151.0	151	27.27272727272727	22885775.0
03_12_ANmF1C14_1	88.17382390566826	63.0	151.0	151	45.45454545454545	23923290.0
03_12_ANmF1C14_2	86.44945413137192	63.0	151.0	151	27.27272727272727	23923290.0
03_12_ANmF2C14_1	88.167333397925	63.0	151.0	151	45.45454545454545	22379740.0
03_12_ANmF2C14_2	86.89854717018645	62.0	151.0	151	27.27272727272727	22379740.0
10_3MMmADN_F1C1_1	83.90391804465077	64.0	151.0	151	36.36363636363637	26393692.0
10_3MMmADN_F1C1_2	85.68804587366341	64.0	151.0	151	18.181818181818183	26393692.0
10_3MMmADNmF1C1_1	84.0167000314994	64.0	151.0	151	27.27272727272727	23562816.0
10_3MMmADNmF1C1_2	85.30707408515694	64.0	151.0	151	9.090909090909092	23562816.0
11_10_AN_F1C7_1	85.72652797766217	64.0	151.0	151	36.36363636363637	29774152.0
11_10_AN_F1C7_2	87.57131527563097	64.0	151.0	151	27.27272727272727	29774152.0
11_10_AN_F2C7_1	85.36208958629554	64.0	151.0	151	45.45454545454545	27768463.0
11_10_AN_F2C7_2	87.13563267703492	64.0	151.0	151	27.27272727272727	27768463.0
11_10_ANmF1C7_1	84.7472911802981	64.0	151.0	151	45.45454545454545	29939367.0
11_10_ANmF1C7_2	86.72354134487529	64.0	151.0	151	27.27272727272727	29939367.0
11_10_ANmF2C7_1	85.10651887320026	64.0	151.0	151	45.45454545454545	29746213.0
11_10_ANmF2C7_2	86.43501162182152	64.0	151.0	151	27.27272727272727	29746213.0
12_1_C11R6_F1_1	86.37990061373225	64.0	151.0	151	36.36363636363637	29717693.0
12_1_C11R6_F1_2	87.98215708929767	64.0	151.0	151	27.27272727272727	29717693.0
12_1_C11R6_F2_1	86.26662085495768	63.0	151.0	151	45.45454545454545	29596055.0
12_1_C11R6_F2_2	87.901301353062	63.0	151.0	151	27.27272727272727	29596055.0
12_1_C11R6mF1_1	85.90179978510275	63.0	151.0	151	45.45454545454545	29864720.0
12_1_C11R6mF1_2	87.52917350005333	63.0	151.0	151	27.27272727272727	29864720.0
12_1_C11R6mF2_1	85.88783586063184	64.0	151.0	151	36.36363636363637	29654716.0
12_1_C11R6mF2_2	87.38768733452764	64.0	151.0	151	18.181818181818183	29654716.0
12_1_C15R_F1_1	93.1308160647654	62.0	151.0	151	45.45454545454545	29731220.0
12_1_C15R_F1_2	93.16704816616657	62.0	151.0	151	45.45454545454545	29731220.0
12_1_C15R_F2_1	93.22167014493031	62.0	151.0	151	45.45454545454545	29831860.0
12_1_C15R_F2_2	93.34612643397904	62.0	151.0	151	45.45454545454545	29831860.0
16_3MMmADN_F2C1_1	84.6586272819844	63.0	151.0	151	36.36363636363637	25424843.0
16_3MMmADN_F2C1_2	85.653384992986	63.0	151.0	151	27.27272727272727	25424843.0
16_3MMmADNmF2C1_1	85.03751314182502	63.0	151.0	151	36.36363636363637	26393619.0
16_3MMmADNmF2C1_2	86.15345257740675	63.0	151.0	151	27.27272727272727	26393619.0
18_03_AN_F1C8r_1	92.55152810920596	62.0	151.0	151	45.45454545454545	29762498.0
18_03_AN_F1C8r_2	92.95695883820262	62.0	151.0	151	45.45454545454545	29762498.0
18_03_AN_F2C8r_1	91.71012044163557	62.0	151.0	151	45.45454545454545	29586410.0
18_03_AN_F2C8r_2	92.31731583101359	62.0	151.0	151	36.36363636363637	29586410.0
18_03_ANmF1C8r_1	91.37665340393374	62.0	151.0	151	45.45454545454545	29911154.0
18_03_ANmF1C8r_2	92.0011949204201	62.0	151.0	151	36.36363636363637	29911154.0
18_03_ANmF2C8r_1	93.62752636531769	62.0	151.0	151	45.45454545454545	29860332.0
18_03_ANmF2C8r_2	93.76956176620438	61.0	151.0	151	45.45454545454545	29860332.0
19_01_ADN_F1C2r_1	88.06500803925603	62.0	151.0	151	45.45454545454545	24536082.0
19_01_ADN_F1C2r_2	88.05167237908644	62.0	151.0	151	36.36363636363637	24536082.0
19_01_ADN_F2C2r_1	88.7512043114645	62.0	151.0	151	45.45454545454545	23777855.0
19_01_ADN_F2C2r_2	88.75020566835288	62.0	151.0	151	36.36363636363637	23777855.0
19_01_ADNmF1C2r_1	86.33447374854815	62.0	151.0	151	45.45454545454545	25175324.0
19_01_ADNmF1C2r_2	86.26805825360839	62.0	151.0	151	36.36363636363637	25175324.0
19_01_ADNmF2C2r_1	85.93425694440894	62.0	151.0	151	45.45454545454545	26666378.0
19_01_ADNmF2C2r_2	85.96471079249659	62.0	151.0	151	27.27272727272727	26666378.0
19_01_AN_F1C11_1	85.83222409666345	63.0	151.0	151	45.45454545454545	28509069.0
19_01_AN_F1C11_2	85.8930457384924	63.0	151.0	151	27.27272727272727	28509069.0
19_01_AN_F1C12_1	93.22524544379745	61.0	151.0	151	36.36363636363637	26285644.0
19_01_AN_F1C12_2	92.40466496276427	61.0	151.0	151	45.45454545454545	26285644.0
19_01_AN_F2C11_1	85.73746365205311	63.0	151.0	151	45.45454545454545	29948479.0
19_01_AN_F2C11_2	86.0693720353147	63.0	151.0	151	27.27272727272727	29948479.0
19_01_AN_F2C12_1	92.24433368560753	61.0	151.0	151	36.36363636363637	25640410.0
19_01_AN_F2C12_2	91.56331864614735	61.0	151.0	151	45.45454545454545	25640410.0
19_01_ANmF1C11_1	98.89551888937746	59.0	151.0	151	45.45454545454545	24542403.0
19_01_ANmF1C11_2	98.5117036051591	59.0	151.0	151	45.45454545454545	24542403.0
19_01_ANmF1C12_1	92.90523496817484	61.0	151.0	151	36.36363636363637	26436403.0
19_01_ANmF1C12_2	92.14051735148308	62.0	151.0	151	45.45454545454545	26436403.0
19_01_ANmF2C11_1	98.90878572016813	60.0	151.0	151	45.45454545454545	22234995.0
19_01_ANmF2C11_2	97.6439178428749	59.0	151.0	151	45.45454545454545	22234995.0
19_01_ANmF2C12_1	92.08432978121216	61.0	151.0	151	36.36363636363637	23639771.0
19_01_ANmF2C12_2	91.3183966802103	61.0	151.0	151	45.45454545454545	23639771.0
19_10_AN_F1C8_1	90.85158163442352	63.0	151.0	151	45.45454545454545	29750787.0
19_10_AN_F1C8_2	91.341104541791	63.0	151.0	151	36.36363636363637	29750787.0
19_10_AN_F2C8_1	91.95692092269184	62.0	151.0	151	45.45454545454545	29000544.0
19_10_AN_F2C8_2	91.8958383831307	63.0	151.0	151	45.45454545454545	29000544.0
19_10_ANmF1C8_1	89.93952120098491	63.0	151.0	151	45.45454545454545	25574101.0
19_10_ANmF1C8_2	90.3454224233607	63.0	151.0	151	45.45454545454545	25574101.0
19_10_ANmF2C8_1	90.26080163790823	63.0	151.0	151	45.45454545454545	28500181.0
19_10_ANmF2C8_2	90.9391199170651	62.0	151.0	151	45.45454545454545	28500181.0
19_4_MMmAN_F1C5_1	84.9939443535415	63.0	151.0	151	36.36363636363637	25943449.0
19_4_MMmAN_F1C5_2	86.92359555238964	63.0	151.0	151	27.27272727272727	25943449.0
19_4_MMmAN_F2C5_1	86.616794403114	63.0	151.0	151	36.36363636363637	29933374.0
19_4_MMmAN_F2C5_2	87.47302675467523	63.0	151.0	151	36.36363636363637	29933374.0
19_4_MMmANmF1C5_1	85.48146624149298	63.0	151.0	151	36.36363636363637	28568819.0
19_4_MMmANmF1C5_2	87.55737999622146	63.0	151.0	151	18.181818181818183	28568819.0
19_4_MMmANmF2C5_1	85.51499714331928	63.0	151.0	151	45.45454545454545	22698369.0
19_4_MMmANmF2C5_2	86.25591770253736	63.0	151.0	151	27.27272727272727	22698369.0
1_1	86.90388844934807	63.0	151.0	151	36.36363636363637	28723207.0
1_2	86.14807828247453	63.0	151.0	151	18.181818181818183	28723207.0
23_4MMmADN_F1C2_1	88.30932126138332	63.0	151.0	151	45.45454545454545	20748213.0
23_4MMmADN_F1C2_2	89.21684697256843	62.0	151.0	151	36.36363636363637	20748213.0
23_4MMmADN_F2C2_1	92.986317546536	62.0	151.0	151	45.45454545454545	25730058.0
23_4MMmADN_F2C2_2	93.31390034121515	62.0	151.0	151	45.45454545454545	25730058.0
23_4MMmADNmF1C2_1	91.70264165855815	62.0	151.0	151	45.45454545454545	21913278.0
23_4MMmADNmF1C2_2	92.41346763618273	62.0	151.0	151	45.45454545454545	21913278.0
23_4MMmADNmF2C2_1	85.93076796727578	63.0	151.0	151	36.36363636363637	23919591.0
23_4MMmADNmF2C2_2	87.48733004214324	63.0	151.0	151	27.27272727272727	23919591.0
29_11_AN_F1C15_1	94.06283491242489	61.0	151.0	151	45.45454545454545	23189344.0
29_11_AN_F1C15_2	92.77708571820372	61.0	151.0	151	36.36363636363637	23189344.0
29_11_AN_F2C15_1	93.66476364871818	61.0	151.0	151	36.36363636363637	29893975.0
29_11_AN_F2C15_2	93.60076299733774	61.0	151.0	151	45.45454545454545	29893975.0
29_11_ANmF1C15_1	93.97328557457628	61.0	151.0	151	45.45454545454545	24720775.0
29_11_ANmF1C15_2	92.62211097940066	61.0	151.0	151	36.36363636363637	24720775.0
29_11_ANmF2C15_1	93.51674117042488	61.0	151.0	151	45.45454545454545	21208240.0
29_11_ANmF2C15_2	92.23581944473585	61.0	151.0	151	36.36363636363637	21208240.0
2_1	87.49705785396303	63.0	151.0	151	36.36363636363637	29780434.0
2_2	86.28639689166103	63.0	151.0	151	27.27272727272727	29780434.0
3_1	87.09126010710705	63.0	151.0	151	36.36363636363637	29835619.0
3_2	85.38805919475942	63.0	151.0	151	27.27272727272727	29835619.0
4_1	85.9700831186464	64.0	151.0	151	36.36363636363637	29803769.0
4_2	85.8110435575716	64.0	151.0	151	18.181818181818183	29803769.0
5_1	89.24947882193091	63.0	151.0	151	45.45454545454545	29923481.0
5_2	89.24883726209501	63.0	151.0	151	36.36363636363637	29923481.0
6_1	90.88046464007449	62.0	151.0	151	45.45454545454545	22760097.0
6_2	88.88074104209964	62.0	151.0	151	36.36363636363637	22760097.0
7_1	91.7120953328641	62.0	151.0	151	45.45454545454545	22767204.0
7_2	90.7196597364532	62.0	151.0	151	45.45454545454545	22767204.0
8_1	88.13057061525294	63.0	151.0	151	36.36363636363637	27644491.0
8_2	87.17053381738643	63.0	151.0	151	27.27272727272727	27644491.0
8_4_MMmAN_F1C6_1	93.33908411208265	61.0	151.0	151	45.45454545454545	23532430.0
8_4_MMmAN_F1C6_2	93.67188177009187	61.0	151.0	151	45.45454545454545	23532430.0
8_4_MMmAN_F2C6_1	93.3785812346527	60.0	151.0	151	45.45454545454545	24888581.0
8_4_MMmAN_F2C6_2	93.47599380090541	61.0	151.0	151	45.45454545454545	24888581.0
8_4_MMmANmF1C6_1	93.71663850414575	61.0	151.0	151	45.45454545454545	19931435.0
8_4_MMmANmF1C6_2	93.97832924862843	61.0	151.0	151	45.45454545454545	19931435.0
8_4_MMmANmF2C6_1	94.28005572877409	61.0	151.0	151	45.45454545454545	23385582.0
8_4_MMmANmF2C6_2	94.61738562993304	61.0	151.0	151	45.45454545454545	23385582.0
ANLCFA_F1C12R_1	91.8772047704962	62.0	151.0	151	45.45454545454545	26205177.0
ANLCFA_F1C12R_2	91.36007665092704	62.0	151.0	151	36.36363636363637	26205177.0
ANLCFA_F2C12R_1	91.96266644437428	62.0	151.0	151	45.45454545454545	24303939.0
ANLCFA_F2C12R_2	91.56833362878308	62.0	151.0	151	36.36363636363637	24303939.0
ANLCFAmF1C12R_1	91.82546897042629	62.0	151.0	151	45.45454545454545	29672350.0
ANLCFAmF1C12R_2	91.32371620124124	62.0	151.0	151	27.27272727272727	29672350.0
ANLCFAmF2C12R_1	91.61263869077784	62.0	151.0	151	45.45454545454545	24163661.0
ANLCFAmF2C12R_2	91.17402416614053	62.0	151.0	151	36.36363636363637	24163661.0
