
SUMMARISING RUN PARAMETERS
==========================
Input filename: /home/george_a/Documentos/Mtb_UAM_unizar/Analysis/Outputs/2_Reports/raw_fastqc/23_4MMmADNmF1C2_1.fastq.gz
Trimming mode: paired-end
Trim Galore version: 0.6.7
Cutadapt version: 3.5
Python version: 3.10.6
Number of cores used for trimming: 7
Quality Phred score cutoff: 20
Quality encoding type selected: ASCII+33
Using Illumina adapter for trimming (count: 193577). Second best hit was smallRNA (count: 8)
Adapter sequence: 'AGATCGGAAGAGC' (Illumina TruSeq, Sanger iPCR; auto-detected)
Maximum trimming error rate: 0.1 (default)
Minimum required adapter overlap (stringency): 5 bp
Minimum required sequence length for both reads before a sequence pair gets removed: 20 bp
Removing Ns from the start and end of reads
Running FastQC on the data once trimming has completed
Output file will be GZIP compressed


This is cutadapt 3.5 with Python 3.10.6
Command line parameters: -j 7 -e 0.1 -q 20 -O 5 --trim-n -a AGATCGGAAGAGC /home/george_a/Documentos/Mtb_UAM_unizar/Analysis/Outputs/2_Reports/raw_fastqc/23_4MMmADNmF1C2_1.fastq.gz
Processing reads on 7 cores in single-end mode ...
Finished in 60.70 s (3 µs/read; 21.66 M reads/minute).

=== Summary ===

Total reads processed:              21,913,278
Reads with adapters:                 5,718,924 (26.1%)
Reads written (passing filters):    21,913,278 (100.0%)

Total basepairs processed: 3,308,904,978 bp
Quality-trimmed:               4,704,518 bp (0.1%)
Total written (filtered):  3,156,935,032 bp (95.4%)

=== Adapter 1 ===

Sequence: AGATCGGAAGAGC; Type: regular 3'; Length: 13; Trimmed: 5718924 times

Minimum overlap: 5
No. of allowed errors:
1-9 bp: 0; 10-13 bp: 1

Bases preceding removed adapters:
  A: 7.0%
  C: 44.6%
  G: 38.0%
  T: 10.4%
  none/other: 0.0%

Overview of removed sequences
length	count	expect	max.err	error counts
5	171986	21399.7	0	171986
6	179218	5349.9	0	179218
7	161031	1337.5	0	161031
8	177033	334.4	0	177033
9	155028	83.6	0	154499 529
10	156069	20.9	1	152847 3222
11	157380	5.2	1	152959 4421
12	155404	1.3	1	151742 3662
13	163633	0.3	1	159457 4176
14	134796	0.3	1	130733 4063
15	150732	0.3	1	146450 4282
16	142482	0.3	1	138110 4372
17	142232	0.3	1	137158 5074
18	156930	0.3	1	152992 3938
19	111977	0.3	1	109099 2878
20	126173	0.3	1	122446 3727
21	129247	0.3	1	125655 3592
22	135976	0.3	1	132654 3322
23	134379	0.3	1	130597 3782
24	122064	0.3	1	117923 4141
25	125132	0.3	1	121740 3392
26	112056	0.3	1	109454 2602
27	109171	0.3	1	106206 2965
28	116966	0.3	1	113979 2987
29	125258	0.3	1	121459 3799
30	120780	0.3	1	118001 2779
31	116955	0.3	1	114413 2542
32	114816	0.3	1	111958 2858
33	114535	0.3	1	111748 2787
34	105995	0.3	1	103356 2639
35	106214	0.3	1	103425 2789
36	119088	0.3	1	116009 3079
37	80458	0.3	1	78765 1693
38	89206	0.3	1	86801 2405
39	75406	0.3	1	73176 2230
40	68604	0.3	1	66828 1776
41	73116	0.3	1	71125 1991
42	73479	0.3	1	71350 2129
43	72342	0.3	1	69739 2603
44	55753	0.3	1	54054 1699
45	102369	0.3	1	100495 1874
46	19283	0.3	1	18358 925
47	54626	0.3	1	52356 2270
48	259191	0.3	1	255469 3722
49	47838	0.3	1	46393 1445
50	9189	0.3	1	8508 681
51	62539	0.3	1	61393 1146
52	39575	0.3	1	38840 735
53	5249	0.3	1	4932 317
54	22681	0.3	1	22060 621
55	48646	0.3	1	47983 663
56	9973	0.3	1	9640 333
57	3509	0.3	1	3371 138
58	3912	0.3	1	3747 165
59	10733	0.3	1	10532 201
60	1213	0.3	1	1130 83
61	3225	0.3	1	3045 180
62	17826	0.3	1	17573 253
63	2394	0.3	1	2265 129
64	2103	0.3	1	2005 98
65	3957	0.3	1	3845 112
66	9632	0.3	1	9491 141
67	1006	0.3	1	935 71
68	2031	0.3	1	1966 65
69	1630	0.3	1	1578 52
70	1109	0.3	1	1069 40
71	323	0.3	1	296 27
72	816	0.3	1	787 29
73	2219	0.3	1	2152 67
74	3168	0.3	1	3084 84
75	2974	0.3	1	2906 68
76	2749	0.3	1	2697 52
77	2351	0.3	1	2275 76
78	2226	0.3	1	2169 57
79	1921	0.3	1	1868 53
80	1712	0.3	1	1638 74
81	1513	0.3	1	1464 49
82	1323	0.3	1	1282 41
83	1039	0.3	1	992 47
84	922	0.3	1	879 43
85	702	0.3	1	674 28
86	691	0.3	1	635 56
87	653	0.3	1	603 50
88	625	0.3	1	578 47
89	555	0.3	1	515 40
90	441	0.3	1	416 25
91	372	0.3	1	346 26
92	366	0.3	1	325 41
93	266	0.3	1	248 18
94	329	0.3	1	286 43
95	272	0.3	1	229 43
96	333	0.3	1	250 83
97	229	0.3	1	216 13
98	201	0.3	1	169 32
99	167	0.3	1	135 32
100	148	0.3	1	126 22
101	205	0.3	1	139 66
102	119	0.3	1	96 23
103	137	0.3	1	107 30
104	94	0.3	1	81 13
105	103	0.3	1	85 18
106	78	0.3	1	74 4
107	81	0.3	1	67 14
108	63	0.3	1	51 12
109	71	0.3	1	61 10
110	84	0.3	1	77 7
111	73	0.3	1	65 8
112	58	0.3	1	49 9
113	59	0.3	1	51 8
114	75	0.3	1	62 13
115	46	0.3	1	39 7
116	55	0.3	1	47 8
117	48	0.3	1	38 10
118	63	0.3	1	57 6
119	50	0.3	1	40 10
120	52	0.3	1	36 16
121	51	0.3	1	35 16
122	61	0.3	1	25 36
123	46	0.3	1	41 5
124	47	0.3	1	38 9
125	24	0.3	1	20 4
126	31	0.3	1	30 1
127	35	0.3	1	32 3
128	36	0.3	1	26 10
129	31	0.3	1	23 8
130	48	0.3	1	32 16
131	62	0.3	1	36 26
132	67	0.3	1	30 37
133	67	0.3	1	35 32
134	42	0.3	1	18 24
135	33	0.3	1	24 9
136	27	0.3	1	21 6
137	29	0.3	1	16 13
138	40	0.3	1	26 14
139	36	0.3	1	17 19
140	20	0.3	1	5 15
141	42	0.3	1	7 35
142	67	0.3	1	7 60
143	72	0.3	1	4 68
144	76	0.3	1	0 76
145	7	0.3	1	1 6
146	20	0.3	1	3 17
147	4	0.3	1	1 3
148	9	0.3	1	0 9
149	5	0.3	1	0 5
151	30	0.3	1	0 30

RUN STATISTICS FOR INPUT FILE: /home/george_a/Documentos/Mtb_UAM_unizar/Analysis/Outputs/2_Reports/raw_fastqc/23_4MMmADNmF1C2_1.fastq.gz
=============================================
21913278 sequences processed in total

