
SUMMARISING RUN PARAMETERS
==========================
Input filename: /home/george_a/Documentos/Mtb_UAM_unizar/Analysis/Outputs/2_Reports/raw_fastqc/1_1.fastq.gz
Trimming mode: paired-end
Trim Galore version: 0.6.7
Cutadapt version: 3.5
Python version: 3.10.6
Number of cores used for trimming: 7
Quality Phred score cutoff: 20
Quality encoding type selected: ASCII+33
Using Illumina adapter for trimming (count: 112846). Second best hit was smallRNA (count: 67)
Adapter sequence: 'AGATCGGAAGAGC' (Illumina TruSeq, Sanger iPCR; auto-detected)
Maximum trimming error rate: 0.1 (default)
Minimum required adapter overlap (stringency): 5 bp
Minimum required sequence length for both reads before a sequence pair gets removed: 20 bp
Removing Ns from the start and end of reads
Running FastQC on the data once trimming has completed
Output file will be GZIP compressed


This is cutadapt 3.5 with Python 3.10.6
Command line parameters: -j 7 -e 0.1 -q 20 -O 5 --trim-n -a AGATCGGAAGAGC /home/george_a/Documentos/Mtb_UAM_unizar/Analysis/Outputs/2_Reports/raw_fastqc/1_1.fastq.gz
Processing reads on 7 cores in single-end mode ...
Finished in 104.45 s (4 µs/read; 16.50 M reads/minute).

=== Summary ===

Total reads processed:              28,723,207
Reads with adapters:                 4,658,604 (16.2%)
Reads written (passing filters):    28,723,207 (100.0%)

Total basepairs processed: 4,337,204,257 bp
Quality-trimmed:               8,753,654 bp (0.2%)
Total written (filtered):  4,220,954,550 bp (97.3%)

=== Adapter 1 ===

Sequence: AGATCGGAAGAGC; Type: regular 3'; Length: 13; Trimmed: 4658604 times

Minimum overlap: 5
No. of allowed errors:
1-9 bp: 0; 10-13 bp: 1

Bases preceding removed adapters:
  A: 9.9%
  C: 37.5%
  G: 44.6%
  T: 8.0%
  none/other: 0.0%

Overview of removed sequences
length	count	expect	max.err	error counts
5	196415	28050.0	0	196415
6	181247	7012.5	0	181247
7	164023	1753.1	0	164023
8	172481	438.3	0	172481
9	158315	109.6	0	157885 430
10	152863	27.4	1	149076 3787
11	158635	6.8	1	151409 7226
12	150003	1.7	1	145624 4379
13	150038	0.4	1	144688 5350
14	139547	0.4	1	133862 5685
15	133341	0.4	1	128296 5045
16	131909	0.4	1	126135 5774
17	136674	0.4	1	129227 7447
18	128279	0.4	1	124717 3562
19	107311	0.4	1	104252 3059
20	114343	0.4	1	110102 4241
21	114300	0.4	1	110654 3646
22	105127	0.4	1	102238 2889
23	111349	0.4	1	107449 3900
24	111771	0.4	1	105983 5788
25	105517	0.4	1	101706 3811
26	90546	0.4	1	88187 2359
27	93585	0.4	1	90533 3052
28	89289	0.4	1	86042 3247
29	92107	0.4	1	87831 4276
30	83950	0.4	1	81752 2198
31	79742	0.4	1	77500 2242
32	78764	0.4	1	76545 2219
33	78851	0.4	1	75502 3349
34	78934	0.4	1	75645 3289
35	65132	0.4	1	63491 1641
36	70467	0.4	1	67894 2573
37	63614	0.4	1	61662 1952
38	60633	0.4	1	58561 2072
39	83657	0.4	1	81041 2616
40	23826	0.4	1	21818 2008
41	50976	0.4	1	48724 2252
42	43561	0.4	1	42357 1204
43	46784	0.4	1	44946 1838
44	38523	0.4	1	37062 1461
45	65436	0.4	1	63826 1610
46	9394	0.4	1	8882 512
47	27005	0.4	1	26181 824
48	66619	0.4	1	64858 1761
49	26170	0.4	1	25393 777
50	7603	0.4	1	7203 400
51	33382	0.4	1	32401 981
52	20582	0.4	1	20017 565
53	9155	0.4	1	8886 269
54	18821	0.4	1	18294 527
55	34358	0.4	1	33667 691
56	12691	0.4	1	12370 321
57	8237	0.4	1	8044 193
58	7312	0.4	1	7117 195
59	12439	0.4	1	12188 251
60	1374	0.4	1	1308 66
61	2631	0.4	1	2510 121
62	12440	0.4	1	12126 314
63	2597	0.4	1	2493 104
64	1976	0.4	1	1916 60
65	3236	0.4	1	3125 111
66	8542	0.4	1	8328 214
67	909	0.4	1	843 66
68	2343	0.4	1	2275 68
69	1372	0.4	1	1337 35
70	671	0.4	1	634 37
71	270	0.4	1	246 24
72	874	0.4	1	840 34
73	1519	0.4	1	1476 43
74	1853	0.4	1	1757 96
75	1630	0.4	1	1575 55
76	1462	0.4	1	1416 46
77	1274	0.4	1	1226 48
78	1283	0.4	1	1236 47
79	1042	0.4	1	998 44
80	901	0.4	1	851 50
81	850	0.4	1	788 62
82	721	0.4	1	681 40
83	627	0.4	1	591 36
84	527	0.4	1	499 28
85	435	0.4	1	415 20
86	459	0.4	1	408 51
87	420	0.4	1	360 60
88	521	0.4	1	377 144
89	516	0.4	1	356 160
90	433	0.4	1	321 112
91	358	0.4	1	313 45
92	320	0.4	1	259 61
93	363	0.4	1	255 108
94	297	0.4	1	250 47
95	248	0.4	1	208 40
96	359	0.4	1	198 161
97	223	0.4	1	189 34
98	216	0.4	1	154 62
99	190	0.4	1	143 47
100	149	0.4	1	130 19
101	223	0.4	1	134 89
102	110	0.4	1	94 16
103	146	0.4	1	89 57
104	121	0.4	1	93 28
105	91	0.4	1	62 29
106	113	0.4	1	81 32
107	87	0.4	1	69 18
108	86	0.4	1	66 20
109	98	0.4	1	68 30
110	87	0.4	1	73 14
111	77	0.4	1	71 6
112	67	0.4	1	58 9
113	72	0.4	1	52 20
114	87	0.4	1	69 18
115	45	0.4	1	38 7
116	51	0.4	1	29 22
117	55	0.4	1	46 9
118	42	0.4	1	31 11
119	68	0.4	1	45 23
120	59	0.4	1	42 17
121	30	0.4	1	19 11
122	59	0.4	1	35 24
123	45	0.4	1	31 14
124	43	0.4	1	29 14
125	33	0.4	1	26 7
126	28	0.4	1	22 6
127	35	0.4	1	28 7
128	50	0.4	1	28 22
129	62	0.4	1	22 40
130	82	0.4	1	23 59
131	74	0.4	1	23 51
132	188	0.4	1	32 156
133	104	0.4	1	31 73
134	92	0.4	1	26 66
135	63	0.4	1	15 48
136	38	0.4	1	24 14
137	36	0.4	1	12 24
138	72	0.4	1	18 54
139	44	0.4	1	14 30
140	37	0.4	1	7 30
141	32	0.4	1	11 21
142	151	0.4	1	11 140
143	282	0.4	1	3 279
144	567	0.4	1	4 563
145	40	0.4	1	1 39
146	78	0.4	1	1 77
147	34	0.4	1	1 33
148	116	0.4	1	8 108
149	24	0.4	1	1 23
150	2	0.4	1	0 2
151	214	0.4	1	0 214

RUN STATISTICS FOR INPUT FILE: /home/george_a/Documentos/Mtb_UAM_unizar/Analysis/Outputs/2_Reports/raw_fastqc/1_1.fastq.gz
=============================================
28723207 sequences processed in total

