
SUMMARISING RUN PARAMETERS
==========================
Input filename: /home/george_a/Documentos/Mtb_UAM_unizar/Analysis/Outputs/2_Reports/raw_fastqc/18_03_AN_F2C8r_1.fastq.gz
Trimming mode: paired-end
Trim Galore version: 0.6.7
Cutadapt version: 3.5
Python version: 3.10.6
Number of cores used for trimming: 7
Quality Phred score cutoff: 20
Quality encoding type selected: ASCII+33
Using Illumina adapter for trimming (count: 279335). Second best hit was smallRNA (count: 38)
Adapter sequence: 'AGATCGGAAGAGC' (Illumina TruSeq, Sanger iPCR; auto-detected)
Maximum trimming error rate: 0.1 (default)
Minimum required adapter overlap (stringency): 5 bp
Minimum required sequence length for both reads before a sequence pair gets removed: 20 bp
Removing Ns from the start and end of reads
Running FastQC on the data once trimming has completed
Output file will be GZIP compressed


This is cutadapt 3.5 with Python 3.10.6
Command line parameters: -j 7 -e 0.1 -q 20 -O 5 --trim-n -a AGATCGGAAGAGC /home/george_a/Documentos/Mtb_UAM_unizar/Analysis/Outputs/2_Reports/raw_fastqc/18_03_AN_F2C8r_1.fastq.gz
Processing reads on 7 cores in single-end mode ...
Finished in 83.07 s (3 µs/read; 21.37 M reads/minute).

=== Summary ===

Total reads processed:              29,586,410
Reads with adapters:                10,643,625 (36.0%)
Reads written (passing filters):    29,586,410 (100.0%)

Total basepairs processed: 4,467,547,910 bp
Quality-trimmed:               9,820,941 bp (0.2%)
Total written (filtered):  4,163,772,085 bp (93.2%)

=== Adapter 1 ===

Sequence: AGATCGGAAGAGC; Type: regular 3'; Length: 13; Trimmed: 10643625 times

Minimum overlap: 5
No. of allowed errors:
1-9 bp: 0; 10-13 bp: 1

Bases preceding removed adapters:
  A: 7.5%
  C: 46.1%
  G: 38.5%
  T: 7.9%
  none/other: 0.0%

Overview of removed sequences
length	count	expect	max.err	error counts
5	255399	28893.0	0	255399
6	259816	7223.2	0	259816
7	233399	1805.8	0	233399
8	278881	451.5	0	278881
9	244293	112.9	0	243513 780
10	254570	28.2	1	250104 4466
11	264291	7.1	1	257923 6368
12	258289	1.8	1	252771 5518
13	304865	0.4	1	298364 6501
14	259280	0.4	1	252409 6871
15	260130	0.4	1	253824 6306
16	260164	0.4	1	253526 6638
17	251823	0.4	1	243471 8352
18	271368	0.4	1	265545 5823
19	202981	0.4	1	199125 3856
20	232766	0.4	1	227419 5347
21	229255	0.4	1	224507 4748
22	229990	0.4	1	224983 5007
23	267305	0.4	1	261736 5569
24	233937	0.4	1	226670 7267
25	226093	0.4	1	220947 5146
26	199708	0.4	1	195820 3888
27	207642	0.4	1	203037 4605
28	227482	0.4	1	222524 4958
29	230761	0.4	1	225144 5617
30	227592	0.4	1	223492 4100
31	209111	0.4	1	205496 3615
32	205617	0.4	1	201495 4122
33	213710	0.4	1	208896 4814
34	195901	0.4	1	191352 4549
35	193150	0.4	1	189891 3259
36	190440	0.4	1	186215 4225
37	183940	0.4	1	180354 3586
38	207854	0.4	1	203945 3909
39	187509	0.4	1	183109 4400
40	164339	0.4	1	161041 3298
41	179335	0.4	1	175427 3908
42	157046	0.4	1	153565 3481
43	143779	0.4	1	139871 3908
44	131236	0.4	1	128093 3143
45	220136	0.4	1	217020 3116
46	22742	0.4	1	21611 1131
47	87207	0.4	1	84414 2793
48	589763	0.4	1	582615 7148
49	109159	0.4	1	106525 2634
50	11971	0.4	1	11101 870
51	140342	0.4	1	138255 2087
52	87819	0.4	1	86540 1279
53	7954	0.4	1	7476 478
54	41480	0.4	1	40657 823
55	103394	0.4	1	102166 1228
56	19804	0.4	1	19309 495
57	5543	0.4	1	5365 178
58	4949	0.4	1	4776 173
59	15334	0.4	1	15063 271
60	2133	0.4	1	2018 115
61	3739	0.4	1	3523 216
62	42058	0.4	1	41525 533
63	5052	0.4	1	4865 187
64	4732	0.4	1	4607 125
65	6469	0.4	1	6262 207
66	24793	0.4	1	24468 325
67	1407	0.4	1	1318 89
68	6537	0.4	1	6416 121
69	6941	0.4	1	6817 124
70	4580	0.4	1	4483 97
71	812	0.4	1	741 71
72	2535	0.4	1	2492 43
73	7061	0.4	1	6947 114
74	9913	0.4	1	9750 163
75	8238	0.4	1	8109 129
76	8549	0.4	1	8379 170
77	7322	0.4	1	7172 150
78	7018	0.4	1	6865 153
79	6501	0.4	1	6415 86
80	5443	0.4	1	5333 110
81	5274	0.4	1	5194 80
82	5203	0.4	1	5116 87
83	4325	0.4	1	4218 107
84	3469	0.4	1	3410 59
85	2624	0.4	1	2571 53
86	3005	0.4	1	2928 77
87	2962	0.4	1	2873 89
88	2882	0.4	1	2766 116
89	3456	0.4	1	3359 97
90	2462	0.4	1	2377 85
91	2407	0.4	1	2336 71
92	1979	0.4	1	1929 50
93	1796	0.4	1	1690 106
94	1976	0.4	1	1920 56
95	1933	0.4	1	1845 88
96	1718	0.4	1	1525 193
97	1844	0.4	1	1800 44
98	1424	0.4	1	1284 140
99	1246	0.4	1	1163 83
100	1045	0.4	1	1006 39
101	1259	0.4	1	1146 113
102	887	0.4	1	850 37
103	970	0.4	1	893 77
104	933	0.4	1	907 26
105	917	0.4	1	884 33
106	794	0.4	1	762 32
107	1109	0.4	1	1069 40
108	751	0.4	1	717 34
109	564	0.4	1	546 18
110	555	0.4	1	529 26
111	484	0.4	1	460 24
112	417	0.4	1	398 19
113	379	0.4	1	364 15
114	501	0.4	1	486 15
115	391	0.4	1	374 17
116	420	0.4	1	412 8
117	478	0.4	1	457 21
118	346	0.4	1	324 22
119	333	0.4	1	311 22
120	282	0.4	1	269 13
121	224	0.4	1	212 12
122	247	0.4	1	210 37
123	226	0.4	1	184 42
124	179	0.4	1	162 17
125	174	0.4	1	167 7
126	142	0.4	1	131 11
127	135	0.4	1	130 5
128	151	0.4	1	135 16
129	137	0.4	1	120 17
130	112	0.4	1	89 23
131	121	0.4	1	73 48
132	154	0.4	1	78 76
133	125	0.4	1	52 73
134	96	0.4	1	39 57
135	56	0.4	1	35 21
136	41	0.4	1	36 5
137	74	0.4	1	39 35
138	70	0.4	1	36 34
139	38	0.4	1	16 22
140	28	0.4	1	14 14
141	32	0.4	1	11 21
142	63	0.4	1	12 51
143	91	0.4	1	3 88
144	276	0.4	1	6 270
145	22	0.4	1	4 18
146	63	0.4	1	2 61
147	23	0.4	1	4 19
148	123	0.4	1	6 117
149	49	0.4	1	2 47
150	13	0.4	1	0 13
151	63	0.4	1	0 63

RUN STATISTICS FOR INPUT FILE: /home/george_a/Documentos/Mtb_UAM_unizar/Analysis/Outputs/2_Reports/raw_fastqc/18_03_AN_F2C8r_1.fastq.gz
=============================================
29586410 sequences processed in total

