
SUMMARISING RUN PARAMETERS
==========================
Input filename: /home/george_a/Documentos/Mtb_UAM_unizar/Analysis/Outputs/2_Reports/raw_fastqc/8_1.fastq.gz
Trimming mode: paired-end
Trim Galore version: 0.6.7
Cutadapt version: 3.5
Python version: 3.10.6
Number of cores used for trimming: 7
Quality Phred score cutoff: 20
Quality encoding type selected: ASCII+33
Using Illumina adapter for trimming (count: 172759). Second best hit was smallRNA (count: 7)
Adapter sequence: 'AGATCGGAAGAGC' (Illumina TruSeq, Sanger iPCR; auto-detected)
Maximum trimming error rate: 0.1 (default)
Minimum required adapter overlap (stringency): 5 bp
Minimum required sequence length for both reads before a sequence pair gets removed: 20 bp
Removing Ns from the start and end of reads
Running FastQC on the data once trimming has completed
Output file will be GZIP compressed


This is cutadapt 3.5 with Python 3.10.6
Command line parameters: -j 7 -e 0.1 -q 20 -O 5 --trim-n -a AGATCGGAAGAGC /home/george_a/Documentos/Mtb_UAM_unizar/Analysis/Outputs/2_Reports/raw_fastqc/8_1.fastq.gz
Processing reads on 7 cores in single-end mode ...
Finished in 91.85 s (3 µs/read; 18.06 M reads/minute).

=== Summary ===

Total reads processed:              27,644,491
Reads with adapters:                 6,458,565 (23.4%)
Reads written (passing filters):    27,644,491 (100.0%)

Total basepairs processed: 4,174,318,141 bp
Quality-trimmed:              11,304,741 bp (0.3%)
Total written (filtered):  4,000,950,075 bp (95.8%)

=== Adapter 1 ===

Sequence: AGATCGGAAGAGC; Type: regular 3'; Length: 13; Trimmed: 6458565 times

Minimum overlap: 5
No. of allowed errors:
1-9 bp: 0; 10-13 bp: 1

Bases preceding removed adapters:
  A: 9.6%
  C: 42.5%
  G: 40.0%
  T: 7.9%
  none/other: 0.0%

Overview of removed sequences
length	count	expect	max.err	error counts
5	209143	26996.6	0	209143
6	202746	6749.1	0	202746
7	183172	1687.3	0	183172
8	206096	421.8	0	206096
9	186401	105.5	0	185713 688
10	179536	26.4	1	174681 4855
11	190677	6.6	1	181760 8917
12	182305	1.6	1	176128 6177
13	190271	0.4	1	183163 7108
14	172858	0.4	1	165335 7523
15	168349	0.4	1	161461 6888
16	164744	0.4	1	156986 7758
17	174906	0.4	1	165114 9792
18	162968	0.4	1	158002 4966
19	135387	0.4	1	131017 4370
20	144735	0.4	1	138945 5790
21	147200	0.4	1	141985 5215
22	148842	0.4	1	143958 4884
23	151174	0.4	1	145613 5561
24	156302	0.4	1	148005 8297
25	148561	0.4	1	142802 5759
26	130153	0.4	1	126246 3907
27	134708	0.4	1	129948 4760
28	133178	0.4	1	128126 5052
29	134908	0.4	1	128851 6057
30	126504	0.4	1	122918 3586
31	125205	0.4	1	121666 3539
32	124353	0.4	1	120467 3886
33	119504	0.4	1	115202 4302
34	118843	0.4	1	114444 4399
35	130299	0.4	1	125174 5125
36	97907	0.4	1	95538 2369
37	111451	0.4	1	107731 3720
38	106201	0.4	1	102399 3802
39	84208	0.4	1	81479 2729
40	82797	0.4	1	79388 3409
41	95173	0.4	1	90547 4626
42	74835	0.4	1	72012 2823
43	88479	0.4	1	83792 4687
44	59207	0.4	1	56896 2311
45	114580	0.4	1	111357 3223
46	14985	0.4	1	14072 913
47	54002	0.4	1	51746 2256
48	259411	0.4	1	254209 5202
49	75812	0.4	1	73294 2518
50	8001	0.4	1	7428 573
51	54399	0.4	1	52988 1411
52	39351	0.4	1	38403 948
53	5333	0.4	1	4983 350
54	14584	0.4	1	14054 530
55	32107	0.4	1	31421 686
56	10222	0.4	1	9770 452
57	2694	0.4	1	2526 168
58	3046	0.4	1	2869 177
59	6810	0.4	1	6601 209
60	1383	0.4	1	1290 93
61	2469	0.4	1	2340 129
62	15024	0.4	1	14678 346
63	3278	0.4	1	3127 151
64	2624	0.4	1	2502 122
65	2944	0.4	1	2830 114
66	8679	0.4	1	8467 212
67	843	0.4	1	782 61
68	1104	0.4	1	1049 55
69	1125	0.4	1	1081 44
70	709	0.4	1	668 41
71	253	0.4	1	214 39
72	747	0.4	1	707 40
73	2031	0.4	1	1975 56
74	3195	0.4	1	3104 91
75	2826	0.4	1	2740 86
76	2772	0.4	1	2699 73
77	2358	0.4	1	2269 89
78	2485	0.4	1	2402 83
79	2025	0.4	1	1933 92
80	1771	0.4	1	1681 90
81	1712	0.4	1	1652 60
82	1463	0.4	1	1396 67
83	1201	0.4	1	1141 60
84	1081	0.4	1	1045 36
85	803	0.4	1	768 35
86	805	0.4	1	757 48
87	698	0.4	1	639 59
88	724	0.4	1	619 105
89	762	0.4	1	664 98
90	623	0.4	1	548 75
91	584	0.4	1	535 49
92	474	0.4	1	426 48
93	467	0.4	1	412 55
94	470	0.4	1	397 73
95	413	0.4	1	371 42
96	468	0.4	1	343 125
97	355	0.4	1	311 44
98	336	0.4	1	266 70
99	296	0.4	1	246 50
100	223	0.4	1	205 18
101	270	0.4	1	198 72
102	167	0.4	1	157 10
103	201	0.4	1	153 48
104	182	0.4	1	144 38
105	187	0.4	1	135 52
106	141	0.4	1	96 45
107	160	0.4	1	107 53
108	150	0.4	1	96 54
109	133	0.4	1	118 15
110	94	0.4	1	81 13
111	100	0.4	1	92 8
112	105	0.4	1	95 10
113	80	0.4	1	66 14
114	89	0.4	1	81 8
115	83	0.4	1	69 14
116	71	0.4	1	67 4
117	64	0.4	1	46 18
118	64	0.4	1	59 5
119	57	0.4	1	41 16
120	55	0.4	1	45 10
121	35	0.4	1	27 8
122	40	0.4	1	28 12
123	48	0.4	1	37 11
124	59	0.4	1	41 18
125	59	0.4	1	39 20
126	33	0.4	1	31 2
127	43	0.4	1	31 12
128	41	0.4	1	25 16
129	53	0.4	1	19 34
130	50	0.4	1	21 29
131	42	0.4	1	15 27
132	76	0.4	1	16 60
133	69	0.4	1	28 41
134	74	0.4	1	29 45
135	46	0.4	1	18 28
136	41	0.4	1	24 17
137	22	0.4	1	10 12
138	40	0.4	1	18 22
139	34	0.4	1	13 21
140	26	0.4	1	9 17
141	21	0.4	1	2 19
142	81	0.4	1	6 75
143	134	0.4	1	7 127
144	290	0.4	1	3 287
145	24	0.4	1	3 21
146	69	0.4	1	4 65
147	20	0.4	1	3 17
148	67	0.4	1	3 64
149	20	0.4	1	0 20
150	7	0.4	1	0 7
151	222	0.4	1	0 222

RUN STATISTICS FOR INPUT FILE: /home/george_a/Documentos/Mtb_UAM_unizar/Analysis/Outputs/2_Reports/raw_fastqc/8_1.fastq.gz
=============================================
27644491 sequences processed in total

