
SUMMARISING RUN PARAMETERS
==========================
Input filename: /home/george_a/Documentos/Mtb_UAM_unizar/Analysis/Outputs/2_Reports/raw_fastqc/8_4_MMmAN_F1C6_1.fastq.gz
Trimming mode: paired-end
Trim Galore version: 0.6.7
Cutadapt version: 3.5
Python version: 3.10.6
Number of cores used for trimming: 7
Quality Phred score cutoff: 20
Quality encoding type selected: ASCII+33
Using Illumina adapter for trimming (count: 266162). Second best hit was smallRNA (count: 1)
Adapter sequence: 'AGATCGGAAGAGC' (Illumina TruSeq, Sanger iPCR; auto-detected)
Maximum trimming error rate: 0.1 (default)
Minimum required adapter overlap (stringency): 5 bp
Minimum required sequence length for both reads before a sequence pair gets removed: 20 bp
Removing Ns from the start and end of reads
Running FastQC on the data once trimming has completed
Output file will be GZIP compressed


This is cutadapt 3.5 with Python 3.10.6
Command line parameters: -j 7 -e 0.1 -q 20 -O 5 --trim-n -a AGATCGGAAGAGC /home/george_a/Documentos/Mtb_UAM_unizar/Analysis/Outputs/2_Reports/raw_fastqc/8_4_MMmAN_F1C6_1.fastq.gz
Processing reads on 7 cores in single-end mode ...
Finished in 61.13 s (3 µs/read; 23.10 M reads/minute).

=== Summary ===

Total reads processed:              23,532,430
Reads with adapters:                 8,138,713 (34.6%)
Reads written (passing filters):    23,532,430 (100.0%)

Total basepairs processed: 3,553,396,930 bp
Quality-trimmed:               3,038,451 bp (0.1%)
Total written (filtered):  3,327,999,795 bp (93.7%)

=== Adapter 1 ===

Sequence: AGATCGGAAGAGC; Type: regular 3'; Length: 13; Trimmed: 8138713 times

Minimum overlap: 5
No. of allowed errors:
1-9 bp: 0; 10-13 bp: 1

Bases preceding removed adapters:
  A: 7.3%
  C: 44.4%
  G: 39.0%
  T: 9.4%
  none/other: 0.0%

Overview of removed sequences
length	count	expect	max.err	error counts
5	187161	22980.9	0	187161
6	224048	5745.2	0	224048
7	192121	1436.3	0	192121
8	240316	359.1	0	240316
9	167715	89.8	0	167165 550
10	187653	22.4	1	183154 4499
11	197843	5.6	1	191649 6194
12	214630	1.4	1	209429 5201
13	245237	0.4	1	239522 5715
14	188967	0.4	1	183160 5807
15	212187	0.4	1	206508 5679
16	168764	0.4	1	163431 5333
17	175550	0.4	1	169896 5654
18	184346	0.4	1	179841 4505
19	151155	0.4	1	147471 3684
20	167321	0.4	1	163011 4310
21	173133	0.4	1	168463 4670
22	238346	0.4	1	233546 4800
23	203782	0.4	1	198846 4936
24	181384	0.4	1	175921 5463
25	160991	0.4	1	157130 3861
26	157989	0.4	1	154741 3248
27	146997	0.4	1	143303 3694
28	161566	0.4	1	157960 3606
29	171296	0.4	1	166843 4453
30	165691	0.4	1	162294 3397
31	168967	0.4	1	165498 3469
32	166752	0.4	1	163331 3421
33	187203	0.4	1	182861 4342
34	165816	0.4	1	161746 4070
35	162835	0.4	1	160048 2787
36	173570	0.4	1	169863 3707
37	179990	0.4	1	176252 3738
38	170606	0.4	1	167499 3107
39	122138	0.4	1	119663 2475
40	108534	0.4	1	106427 2107
41	128011	0.4	1	125553 2458
42	122131	0.4	1	119727 2404
43	111644	0.4	1	108573 3071
44	96984	0.4	1	94495 2489
45	147797	0.4	1	145553 2244
46	21728	0.4	1	20853 875
47	73771	0.4	1	72217 1554
48	203299	0.4	1	200072 3227
49	93619	0.4	1	91902 1717
50	25726	0.4	1	24762 964
51	101698	0.4	1	100081 1617
52	59593	0.4	1	58587 1006
53	25107	0.4	1	24604 503
54	54244	0.4	1	53339 905
55	112524	0.4	1	111267 1257
56	37938	0.4	1	37220 718
57	27047	0.4	1	26606 441
58	23938	0.4	1	23530 408
59	39019	0.4	1	38488 531
60	4800	0.4	1	4673 127
61	6405	0.4	1	6218 187
62	39574	0.4	1	39166 408
63	7883	0.4	1	7732 151
64	5673	0.4	1	5571 102
65	8628	0.4	1	8411 217
66	23825	0.4	1	23527 298
67	3068	0.4	1	2982 86
68	8241	0.4	1	8116 125
69	5039	0.4	1	4933 106
70	2633	0.4	1	2570 63
71	365	0.4	1	346 19
72	1429	0.4	1	1393 36
73	3824	0.4	1	3778 46
74	4515	0.4	1	4455 60
75	3998	0.4	1	3923 75
76	3341	0.4	1	3293 48
77	2983	0.4	1	2945 38
78	2931	0.4	1	2881 50
79	2194	0.4	1	2162 32
80	2018	0.4	1	1981 37
81	1877	0.4	1	1841 36
82	1729	0.4	1	1699 30
83	1152	0.4	1	1127 25
84	1043	0.4	1	1014 29
85	778	0.4	1	761 17
86	732	0.4	1	714 18
87	721	0.4	1	702 19
88	630	0.4	1	597 33
89	708	0.4	1	679 29
90	596	0.4	1	585 11
91	552	0.4	1	530 22
92	484	0.4	1	470 14
93	410	0.4	1	394 16
94	374	0.4	1	360 14
95	354	0.4	1	332 22
96	413	0.4	1	390 23
97	274	0.4	1	268 6
98	254	0.4	1	245 9
99	264	0.4	1	253 11
100	205	0.4	1	198 7
101	208	0.4	1	191 17
102	169	0.4	1	164 5
103	203	0.4	1	184 19
104	178	0.4	1	168 10
105	181	0.4	1	171 10
106	136	0.4	1	134 2
107	162	0.4	1	151 11
108	120	0.4	1	115 5
109	119	0.4	1	103 16
110	112	0.4	1	111 1
111	110	0.4	1	99 11
112	102	0.4	1	90 12
113	94	0.4	1	92 2
114	100	0.4	1	98 2
115	82	0.4	1	77 5
116	97	0.4	1	89 8
117	77	0.4	1	74 3
118	66	0.4	1	58 8
119	62	0.4	1	55 7
120	63	0.4	1	60 3
121	71	0.4	1	66 5
122	62	0.4	1	40 22
123	61	0.4	1	54 7
124	49	0.4	1	40 9
125	39	0.4	1	34 5
126	42	0.4	1	41 1
127	53	0.4	1	51 2
128	32	0.4	1	26 6
129	38	0.4	1	30 8
130	27	0.4	1	24 3
131	38	0.4	1	23 15
132	50	0.4	1	35 15
133	50	0.4	1	33 17
134	30	0.4	1	26 4
135	17	0.4	1	15 2
136	24	0.4	1	22 2
137	26	0.4	1	25 1
138	39	0.4	1	29 10
139	8	0.4	1	8
140	18	0.4	1	10 8
141	15	0.4	1	5 10
142	33	0.4	1	11 22
143	25	0.4	1	3 22
144	28	0.4	1	2 26
145	1	0.4	1	1
146	5	0.4	1	2 3
147	1	0.4	1	0 1
148	4	0.4	1	1 3
150	4	0.4	1	1 3
151	47	0.4	1	0 47

RUN STATISTICS FOR INPUT FILE: /home/george_a/Documentos/Mtb_UAM_unizar/Analysis/Outputs/2_Reports/raw_fastqc/8_4_MMmAN_F1C6_1.fastq.gz
=============================================
23532430 sequences processed in total

