
SUMMARISING RUN PARAMETERS
==========================
Input filename: /home/george_a/Documentos/Mtb_UAM_unizar/Analysis/Outputs/2_Reports/raw_fastqc/8_4_MMmAN_F2C6_1.fastq.gz
Trimming mode: paired-end
Trim Galore version: 0.6.7
Cutadapt version: 3.5
Python version: 3.10.6
Number of cores used for trimming: 7
Quality Phred score cutoff: 20
Quality encoding type selected: ASCII+33
Using Illumina adapter for trimming (count: 311432). Second best hit was Nextera (count: 3)
Adapter sequence: 'AGATCGGAAGAGC' (Illumina TruSeq, Sanger iPCR; auto-detected)
Maximum trimming error rate: 0.1 (default)
Minimum required adapter overlap (stringency): 5 bp
Minimum required sequence length for both reads before a sequence pair gets removed: 20 bp
Removing Ns from the start and end of reads
Running FastQC on the data once trimming has completed
Output file will be GZIP compressed


This is cutadapt 3.5 with Python 3.10.6
Command line parameters: -j 7 -e 0.1 -q 20 -O 5 --trim-n -a AGATCGGAAGAGC /home/george_a/Documentos/Mtb_UAM_unizar/Analysis/Outputs/2_Reports/raw_fastqc/8_4_MMmAN_F2C6_1.fastq.gz
Processing reads on 7 cores in single-end mode ...
Finished in 64.63 s (3 µs/read; 23.11 M reads/minute).

=== Summary ===

Total reads processed:              24,888,581
Reads with adapters:                 9,795,608 (39.4%)
Reads written (passing filters):    24,888,581 (100.0%)

Total basepairs processed: 3,758,175,731 bp
Quality-trimmed:               3,051,036 bp (0.1%)
Total written (filtered):  3,480,521,202 bp (92.6%)

=== Adapter 1 ===

Sequence: AGATCGGAAGAGC; Type: regular 3'; Length: 13; Trimmed: 9795608 times

Minimum overlap: 5
No. of allowed errors:
1-9 bp: 0; 10-13 bp: 1

Bases preceding removed adapters:
  A: 7.5%
  C: 41.8%
  G: 41.2%
  T: 9.5%
  none/other: 0.0%

Overview of removed sequences
length	count	expect	max.err	error counts
5	220302	24305.3	0	220302
6	257629	6076.3	0	257629
7	217882	1519.1	0	217882
8	254743	379.8	0	254743
9	225500	94.9	0	225100 400
10	221323	23.7	1	217777 3546
11	230089	5.9	1	224845 5244
12	241147	1.5	1	236735 4412
13	282643	0.4	1	277464 5179
14	210047	0.4	1	205070 4977
15	238466	0.4	1	233719 4747
16	195892	0.4	1	191145 4747
17	203938	0.4	1	198692 5246
18	222054	0.4	1	217980 4074
19	177236	0.4	1	173906 3330
20	198672	0.4	1	194798 3874
21	204717	0.4	1	200520 4197
22	267227	0.4	1	263233 3994
23	257631	0.4	1	252766 4865
24	215090	0.4	1	209890 5200
25	197715	0.4	1	193939 3776
26	187251	0.4	1	184103 3148
27	179722	0.4	1	176077 3645
28	193882	0.4	1	190530 3352
29	212714	0.4	1	207988 4726
30	204535	0.4	1	201178 3357
31	220417	0.4	1	216911 3506
32	212877	0.4	1	209423 3454
33	225286	0.4	1	220997 4289
34	209846	0.4	1	206054 3792
35	200950	0.4	1	198083 2867
36	205045	0.4	1	200818 4227
37	203046	0.4	1	199731 3315
38	208192	0.4	1	205427 2765
39	149022	0.4	1	145873 3149
40	131255	0.4	1	129116 2139
41	151938	0.4	1	149905 2033
42	137650	0.4	1	135172 2478
43	139292	0.4	1	135669 3623
44	114127	0.4	1	111749 2378
45	184652	0.4	1	182401 2251
46	26374	0.4	1	25389 985
47	86122	0.4	1	84616 1506
48	198147	0.4	1	195410 2737
49	121000	0.4	1	119340 1660
50	44792	0.4	1	43601 1191
51	115233	0.4	1	113556 1677
52	76616	0.4	1	75554 1062
53	40972	0.4	1	40355 617
54	64985	0.4	1	63820 1165
55	131460	0.4	1	130167 1293
56	58648	0.4	1	57849 799
57	44075	0.4	1	43540 535
58	44016	0.4	1	43434 582
59	56982	0.4	1	56382 600
60	9571	0.4	1	9368 203
61	11378	0.4	1	11102 276
62	59665	0.4	1	59135 530
63	14966	0.4	1	14746 220
64	11687	0.4	1	11493 194
65	13812	0.4	1	13520 292
66	42133	0.4	1	41770 363
67	6361	0.4	1	6204 157
68	13622	0.4	1	13440 182
69	7186	0.4	1	7043 143
70	3189	0.4	1	3086 103
71	769	0.4	1	746 23
72	2685	0.4	1	2638 47
73	6798	0.4	1	6727 71
74	7636	0.4	1	7535 101
75	6695	0.4	1	6614 81
76	5908	0.4	1	5825 83
77	5194	0.4	1	5123 71
78	5078	0.4	1	5029 49
79	4037	0.4	1	3975 62
80	3641	0.4	1	3589 52
81	3450	0.4	1	3401 49
82	3072	0.4	1	3032 40
83	2130	0.4	1	2097 33
84	1914	0.4	1	1884 30
85	1601	0.4	1	1570 31
86	1506	0.4	1	1481 25
87	1558	0.4	1	1518 40
88	1414	0.4	1	1384 30
89	1555	0.4	1	1530 25
90	1210	0.4	1	1177 33
91	1117	0.4	1	1094 23
92	876	0.4	1	860 16
93	842	0.4	1	832 10
94	870	0.4	1	846 24
95	755	0.4	1	735 20
96	719	0.4	1	689 30
97	706	0.4	1	696 10
98	519	0.4	1	498 21
99	497	0.4	1	473 24
100	428	0.4	1	419 9
101	441	0.4	1	424 17
102	364	0.4	1	352 12
103	416	0.4	1	401 15
104	367	0.4	1	361 6
105	349	0.4	1	335 14
106	280	0.4	1	273 7
107	361	0.4	1	346 15
108	225	0.4	1	216 9
109	197	0.4	1	195 2
110	231	0.4	1	223 8
111	198	0.4	1	193 5
112	210	0.4	1	202 8
113	170	0.4	1	163 7
114	183	0.4	1	177 6
115	162	0.4	1	156 6
116	170	0.4	1	167 3
117	144	0.4	1	133 11
118	114	0.4	1	109 5
119	114	0.4	1	111 3
120	97	0.4	1	89 8
121	96	0.4	1	91 5
122	94	0.4	1	87 7
123	79	0.4	1	77 2
124	76	0.4	1	75 1
125	69	0.4	1	68 1
126	55	0.4	1	54 1
127	66	0.4	1	63 3
128	38	0.4	1	31 7
129	37	0.4	1	35 2
130	33	0.4	1	28 5
131	32	0.4	1	20 12
132	27	0.4	1	18 9
133	20	0.4	1	8 12
134	24	0.4	1	13 11
135	23	0.4	1	21 2
136	15	0.4	1	12 3
137	20	0.4	1	19 1
138	27	0.4	1	20 7
139	9	0.4	1	4 5
140	15	0.4	1	2 13
141	10	0.4	1	2 8
142	22	0.4	1	4 18
143	15	0.4	1	0 15
144	42	0.4	1	1 41
145	1	0.4	1	0 1
146	8	0.4	1	1 7
147	2	0.4	1	1 1
148	4	0.4	1	1 3
149	1	0.4	1	0 1
150	1	0.4	1	0 1
151	40	0.4	1	0 40

RUN STATISTICS FOR INPUT FILE: /home/george_a/Documentos/Mtb_UAM_unizar/Analysis/Outputs/2_Reports/raw_fastqc/8_4_MMmAN_F2C6_1.fastq.gz
=============================================
24888581 sequences processed in total

