
SUMMARISING RUN PARAMETERS
==========================
Input filename: /home/george_a/Documentos/Mtb_UAM_unizar/Analysis/Outputs/2_Reports/raw_fastqc/19_01_ADN_F2C2r_1.fastq.gz
Trimming mode: paired-end
Trim Galore version: 0.6.7
Cutadapt version: 3.5
Python version: 3.10.6
Number of cores used for trimming: 7
Quality Phred score cutoff: 20
Quality encoding type selected: ASCII+33
Using Illumina adapter for trimming (count: 166907). Second best hit was smallRNA (count: 12)
Adapter sequence: 'AGATCGGAAGAGC' (Illumina TruSeq, Sanger iPCR; auto-detected)
Maximum trimming error rate: 0.1 (default)
Minimum required adapter overlap (stringency): 5 bp
Minimum required sequence length for both reads before a sequence pair gets removed: 20 bp
Removing Ns from the start and end of reads
Running FastQC on the data once trimming has completed
Output file will be GZIP compressed


This is cutadapt 3.5 with Python 3.10.6
Command line parameters: -j 7 -e 0.1 -q 20 -O 5 --trim-n -a AGATCGGAAGAGC /home/george_a/Documentos/Mtb_UAM_unizar/Analysis/Outputs/2_Reports/raw_fastqc/19_01_ADN_F2C2r_1.fastq.gz
Processing reads on 7 cores in single-end mode ...
Finished in 73.14 s (3 µs/read; 19.51 M reads/minute).

=== Summary ===

Total reads processed:              23,777,855
Reads with adapters:                 5,427,361 (22.8%)
Reads written (passing filters):    23,777,855 (100.0%)

Total basepairs processed: 3,590,456,105 bp
Quality-trimmed:               4,475,172 bp (0.1%)
Total written (filtered):  3,450,133,197 bp (96.1%)

=== Adapter 1 ===

Sequence: AGATCGGAAGAGC; Type: regular 3'; Length: 13; Trimmed: 5427361 times

Minimum overlap: 5
No. of allowed errors:
1-9 bp: 0; 10-13 bp: 1

Bases preceding removed adapters:
  A: 7.1%
  C: 45.0%
  G: 37.7%
  T: 10.2%
  none/other: 0.0%

Overview of removed sequences
length	count	expect	max.err	error counts
5	175627	23220.6	0	175627
6	181106	5805.1	0	181106
7	162356	1451.3	0	162356
8	186915	362.8	0	186915
9	156626	90.7	0	155025 1601
10	161212	22.7	1	156561 4651
11	168542	5.7	1	161667 6875
12	160459	1.4	1	154996 5463
13	167407	0.4	1	161635 5772
14	144793	0.4	1	138424 6369
15	155456	0.4	1	149618 5838
16	142621	0.4	1	136626 5995
17	146514	0.4	1	139469 7045
18	152608	0.4	1	147665 4943
19	116273	0.4	1	112495 3778
20	125976	0.4	1	121249 4727
21	127308	0.4	1	122760 4548
22	127666	0.4	1	123452 4214
23	130840	0.4	1	126156 4684
24	121477	0.4	1	115321 6156
25	117404	0.4	1	113117 4287
26	107650	0.4	1	104437 3213
27	106127	0.4	1	102488 3639
28	107585	0.4	1	103909 3676
29	111186	0.4	1	106654 4532
30	105636	0.4	1	102344 3292
31	98484	0.4	1	95548 2936
32	95617	0.4	1	92485 3132
33	95918	0.4	1	92523 3395
34	96480	0.4	1	92683 3797
35	86350	0.4	1	83977 2373
36	95367	0.4	1	91836 3531
37	80163	0.4	1	77643 2520
38	79989	0.4	1	77580 2409
39	75234	0.4	1	72245 2989
40	63313	0.4	1	61251 2062
41	68590	0.4	1	66158 2432
42	60992	0.4	1	59167 1825
43	63090	0.4	1	60435 2655
44	51563	0.4	1	49671 1892
45	81259	0.4	1	79198 2061
46	11964	0.4	1	11205 759
47	35153	0.4	1	34180 973
48	53473	0.4	1	51816 1657
49	47367	0.4	1	45924 1443
50	31794	0.4	1	30771 1023
51	42313	0.4	1	40834 1479
52	33167	0.4	1	32159 1008
53	24831	0.4	1	24114 717
54	26868	0.4	1	25869 999
55	36185	0.4	1	35103 1082
56	23135	0.4	1	22384 751
57	24361	0.4	1	23628 733
58	22721	0.4	1	22057 664
59	20187	0.4	1	19575 612
60	8455	0.4	1	8223 232
61	7084	0.4	1	6789 295
62	23130	0.4	1	22559 571
63	10950	0.4	1	10620 330
64	8220	0.4	1	7965 255
65	5988	0.4	1	5714 274
66	18367	0.4	1	17936 431
67	5544	0.4	1	5368 176
68	7286	0.4	1	7058 228
69	2696	0.4	1	2593 103
70	1065	0.4	1	989 76
71	947	0.4	1	911 36
72	1823	0.4	1	1774 49
73	3159	0.4	1	3060 99
74	3177	0.4	1	3080 97
75	2625	0.4	1	2530 95
76	2354	0.4	1	2269 85
77	2076	0.4	1	1985 91
78	2060	0.4	1	1976 84
79	1562	0.4	1	1485 77
80	1446	0.4	1	1360 86
81	1321	0.4	1	1264 57
82	1278	0.4	1	1216 62
83	963	0.4	1	923 40
84	870	0.4	1	836 34
85	769	0.4	1	731 38
86	621	0.4	1	597 24
87	618	0.4	1	569 49
88	601	0.4	1	542 59
89	536	0.4	1	486 50
90	462	0.4	1	424 38
91	366	0.4	1	323 43
92	365	0.4	1	303 62
93	351	0.4	1	291 60
94	280	0.4	1	229 51
95	288	0.4	1	247 41
96	316	0.4	1	234 82
97	257	0.4	1	221 36
98	222	0.4	1	177 45
99	206	0.4	1	183 23
100	162	0.4	1	143 19
101	188	0.4	1	144 44
102	122	0.4	1	103 19
103	145	0.4	1	116 29
104	139	0.4	1	107 32
105	113	0.4	1	90 23
106	130	0.4	1	103 27
107	127	0.4	1	99 28
108	100	0.4	1	81 19
109	92	0.4	1	71 21
110	101	0.4	1	77 24
111	89	0.4	1	78 11
112	64	0.4	1	47 17
113	63	0.4	1	57 6
114	86	0.4	1	72 14
115	58	0.4	1	45 13
116	68	0.4	1	54 14
117	60	0.4	1	39 21
118	68	0.4	1	59 9
119	66	0.4	1	45 21
120	64	0.4	1	48 16
121	48	0.4	1	31 17
122	53	0.4	1	33 20
123	59	0.4	1	46 13
124	72	0.4	1	49 23
125	52	0.4	1	44 8
126	38	0.4	1	25 13
127	34	0.4	1	21 13
128	60	0.4	1	33 27
129	40	0.4	1	21 19
130	39	0.4	1	23 16
131	48	0.4	1	31 17
132	55	0.4	1	33 22
133	48	0.4	1	30 18
134	51	0.4	1	31 20
135	47	0.4	1	26 21
136	39	0.4	1	31 8
137	39	0.4	1	26 13
138	52	0.4	1	28 24
139	16	0.4	1	10 6
140	13	0.4	1	5 8
141	24	0.4	1	11 13
142	44	0.4	1	7 37
143	54	0.4	1	1 53
144	78	0.4	1	2 76
145	9	0.4	1	1 8
146	34	0.4	1	4 30
147	10	0.4	1	5 5
148	27	0.4	1	5 22
149	13	0.4	1	4 9
150	3	0.4	1	1 2
151	55	0.4	1	0 55

RUN STATISTICS FOR INPUT FILE: /home/george_a/Documentos/Mtb_UAM_unizar/Analysis/Outputs/2_Reports/raw_fastqc/19_01_ADN_F2C2r_1.fastq.gz
=============================================
23777855 sequences processed in total

