
SUMMARISING RUN PARAMETERS
==========================
Input filename: /home/george_a/Documentos/Mtb_UAM_unizar/Analysis/Outputs/2_Reports/raw_fastqc/5_1.fastq.gz
Trimming mode: paired-end
Trim Galore version: 0.6.7
Cutadapt version: 3.5
Python version: 3.10.6
Number of cores used for trimming: 7
Quality Phred score cutoff: 20
Quality encoding type selected: ASCII+33
Using Illumina adapter for trimming (count: 152745). Second best hit was smallRNA (count: 5)
Adapter sequence: 'AGATCGGAAGAGC' (Illumina TruSeq, Sanger iPCR; auto-detected)
Maximum trimming error rate: 0.1 (default)
Minimum required adapter overlap (stringency): 5 bp
Minimum required sequence length for both reads before a sequence pair gets removed: 20 bp
Removing Ns from the start and end of reads
Running FastQC on the data once trimming has completed
Output file will be GZIP compressed


This is cutadapt 3.5 with Python 3.10.6
Command line parameters: -j 7 -e 0.1 -q 20 -O 5 --trim-n -a AGATCGGAAGAGC /home/george_a/Documentos/Mtb_UAM_unizar/Analysis/Outputs/2_Reports/raw_fastqc/5_1.fastq.gz
Processing reads on 7 cores in single-end mode ...
Finished in 94.56 s (3 µs/read; 18.99 M reads/minute).

=== Summary ===

Total reads processed:              29,923,481
Reads with adapters:                 6,248,830 (20.9%)
Reads written (passing filters):    29,923,481 (100.0%)

Total basepairs processed: 4,518,445,631 bp
Quality-trimmed:               9,253,413 bp (0.2%)
Total written (filtered):  4,350,407,804 bp (96.3%)

=== Adapter 1 ===

Sequence: AGATCGGAAGAGC; Type: regular 3'; Length: 13; Trimmed: 6248830 times

Minimum overlap: 5
No. of allowed errors:
1-9 bp: 0; 10-13 bp: 1

Bases preceding removed adapters:
  A: 10.8%
  C: 42.8%
  G: 39.5%
  T: 6.9%
  none/other: 0.0%

Overview of removed sequences
length	count	expect	max.err	error counts
5	205570	29222.1	0	205570
6	203939	7305.5	0	203939
7	180123	1826.4	0	180123
8	206048	456.6	0	206048
9	186855	114.1	0	186042 813
10	176295	28.5	1	171349 4946
11	189916	7.1	1	180652 9264
12	181670	1.8	1	175165 6505
13	192088	0.4	1	184709 7379
14	166171	0.4	1	158992 7179
15	164466	0.4	1	157151 7315
16	153436	0.4	1	146233 7203
17	168675	0.4	1	158982 9693
18	165375	0.4	1	159955 5420
19	125199	0.4	1	121104 4095
20	140386	0.4	1	134528 5858
21	137612	0.4	1	132669 4943
22	142942	0.4	1	138027 4915
23	144886	0.4	1	139417 5469
24	146311	0.4	1	138765 7546
25	141085	0.4	1	135405 5680
26	126627	0.4	1	122902 3725
27	125867	0.4	1	121160 4707
28	124340	0.4	1	119576 4764
29	131635	0.4	1	125671 5964
30	118194	0.4	1	114631 3563
31	117875	0.4	1	114362 3513
32	119124	0.4	1	115261 3863
33	113119	0.4	1	108750 4369
34	119638	0.4	1	115162 4476
35	96887	0.4	1	94410 2477
36	111935	0.4	1	106763 5172
37	111830	0.4	1	108112 3718
38	88660	0.4	1	86554 2106
39	86502	0.4	1	82941 3561
40	77378	0.4	1	73836 3542
41	74171	0.4	1	71739 2432
42	73507	0.4	1	70560 2947
43	71333	0.4	1	68544 2789
44	64375	0.4	1	61434 2941
45	108194	0.4	1	105486 2708
46	15771	0.4	1	14846 925
47	35465	0.4	1	34143 1322
48	104900	0.4	1	102132 2768
49	45430	0.4	1	44043 1387
50	16117	0.4	1	15305 812
51	55233	0.4	1	53499 1734
52	40838	0.4	1	39803 1035
53	18010	0.4	1	17384 626
54	31946	0.4	1	30831 1115
55	65919	0.4	1	64567 1352
56	27451	0.4	1	26706 745
57	19543	0.4	1	19077 466
58	17382	0.4	1	16895 487
59	24126	0.4	1	23606 520
60	3899	0.4	1	3720 179
61	5655	0.4	1	5386 269
62	28488	0.4	1	27887 601
63	6694	0.4	1	6475 219
64	5067	0.4	1	4884 183
65	6638	0.4	1	6366 272
66	21324	0.4	1	20938 386
67	2584	0.4	1	2469 115
68	5740	0.4	1	5602 138
69	2837	0.4	1	2736 101
70	1210	0.4	1	1127 83
71	781	0.4	1	722 59
72	2469	0.4	1	2395 74
73	3887	0.4	1	3784 103
74	4744	0.4	1	4614 130
75	3968	0.4	1	3867 101
76	3810	0.4	1	3692 118
77	3500	0.4	1	3392 108
78	3463	0.4	1	3339 124
79	3023	0.4	1	2936 87
80	2717	0.4	1	2624 93
81	2510	0.4	1	2431 79
82	2258	0.4	1	2177 81
83	1826	0.4	1	1769 57
84	1681	0.4	1	1622 59
85	1288	0.4	1	1240 48
86	1195	0.4	1	1132 63
87	1200	0.4	1	1138 62
88	1199	0.4	1	1093 106
89	1231	0.4	1	1108 123
90	1135	0.4	1	1067 68
91	965	0.4	1	918 47
92	850	0.4	1	807 43
93	836	0.4	1	762 74
94	795	0.4	1	749 46
95	779	0.4	1	711 68
96	675	0.4	1	530 145
97	584	0.4	1	533 51
98	489	0.4	1	421 68
99	450	0.4	1	387 63
100	372	0.4	1	357 15
101	415	0.4	1	343 72
102	293	0.4	1	272 21
103	274	0.4	1	242 32
104	316	0.4	1	282 34
105	291	0.4	1	246 45
106	234	0.4	1	200 34
107	206	0.4	1	178 28
108	184	0.4	1	141 43
109	152	0.4	1	143 9
110	176	0.4	1	164 12
111	174	0.4	1	164 10
112	166	0.4	1	152 14
113	149	0.4	1	135 14
114	145	0.4	1	136 9
115	115	0.4	1	98 17
116	102	0.4	1	94 8
117	111	0.4	1	90 21
118	98	0.4	1	85 13
119	95	0.4	1	69 26
120	102	0.4	1	93 9
121	67	0.4	1	52 15
122	72	0.4	1	55 17
123	72	0.4	1	60 12
124	55	0.4	1	37 18
125	61	0.4	1	48 13
126	31	0.4	1	23 8
127	48	0.4	1	32 16
128	44	0.4	1	19 25
129	90	0.4	1	38 52
130	57	0.4	1	26 31
131	45	0.4	1	17 28
132	84	0.4	1	27 57
133	62	0.4	1	23 39
134	53	0.4	1	19 34
135	36	0.4	1	18 18
136	35	0.4	1	21 14
137	37	0.4	1	18 19
138	51	0.4	1	14 37
139	38	0.4	1	14 24
140	21	0.4	1	4 17
141	26	0.4	1	8 18
142	76	0.4	1	4 72
143	143	0.4	1	1 142
144	307	0.4	1	2 305
145	28	0.4	1	0 28
146	53	0.4	1	3 50
147	23	0.4	1	1 22
148	70	0.4	1	0 70
149	26	0.4	1	1 25
150	8	0.4	1	1 7
151	27	0.4	1	0 27

RUN STATISTICS FOR INPUT FILE: /home/george_a/Documentos/Mtb_UAM_unizar/Analysis/Outputs/2_Reports/raw_fastqc/5_1.fastq.gz
=============================================
29923481 sequences processed in total

