
SUMMARISING RUN PARAMETERS
==========================
Input filename: /home/george_a/Documentos/Mtb_UAM_unizar/Analysis/Outputs/2_Reports/raw_fastqc/19_10_ANmF1C8_1.fastq.gz
Trimming mode: paired-end
Trim Galore version: 0.6.7
Cutadapt version: 3.5
Python version: 3.10.6
Number of cores used for trimming: 7
Quality Phred score cutoff: 20
Quality encoding type selected: ASCII+33
Using Illumina adapter for trimming (count: 102509). Second best hit was smallRNA (count: 9)
Adapter sequence: 'AGATCGGAAGAGC' (Illumina TruSeq, Sanger iPCR; auto-detected)
Maximum trimming error rate: 0.1 (default)
Minimum required adapter overlap (stringency): 5 bp
Minimum required sequence length for both reads before a sequence pair gets removed: 20 bp
Removing Ns from the start and end of reads
Running FastQC on the data once trimming has completed
Output file will be GZIP compressed


This is cutadapt 3.5 with Python 3.10.6
Command line parameters: -j 7 -e 0.1 -q 20 -O 5 --trim-n -a AGATCGGAAGAGC /home/george_a/Documentos/Mtb_UAM_unizar/Analysis/Outputs/2_Reports/raw_fastqc/19_10_ANmF1C8_1.fastq.gz
Processing reads on 7 cores in single-end mode ...
Finished in 76.87 s (3 µs/read; 19.96 M reads/minute).

=== Summary ===

Total reads processed:              25,574,101
Reads with adapters:                 3,737,648 (14.6%)
Reads written (passing filters):    25,574,101 (100.0%)

Total basepairs processed: 3,861,689,251 bp
Quality-trimmed:               4,846,061 bp (0.1%)
Total written (filtered):  3,768,598,128 bp (97.6%)

=== Adapter 1 ===

Sequence: AGATCGGAAGAGC; Type: regular 3'; Length: 13; Trimmed: 3737648 times

Minimum overlap: 5
No. of allowed errors:
1-9 bp: 0; 10-13 bp: 1

Bases preceding removed adapters:
  A: 7.8%
  C: 45.5%
  G: 38.5%
  T: 8.2%
  none/other: 0.0%

Overview of removed sequences
length	count	expect	max.err	error counts
5	147471	24974.7	0	147471
6	142553	6243.7	0	142553
7	120614	1560.9	0	120614
8	140498	390.2	0	140498
9	121631	97.6	0	120204 1427
10	120617	24.4	1	117716 2901
11	126025	6.1	1	121404 4621
12	122652	1.5	1	119300 3352
13	126589	0.4	1	123046 3543
14	108632	0.4	1	104207 4425
15	107017	0.4	1	103627 3390
16	109230	0.4	1	105346 3884
17	104564	0.4	1	100399 4165
18	108653	0.4	1	105925 2728
19	77216	0.4	1	74925 2291
20	88588	0.4	1	85780 2808
21	87707	0.4	1	85091 2616
22	81647	0.4	1	79250 2397
23	98104	0.4	1	95195 2909
24	84791	0.4	1	80956 3835
25	83607	0.4	1	81118 2489
26	68373	0.4	1	66582 1791
27	71682	0.4	1	69581 2101
28	68815	0.4	1	66687 2128
29	71156	0.4	1	68500 2656
30	70067	0.4	1	68364 1703
31	61476	0.4	1	59953 1523
32	61113	0.4	1	59516 1597
33	64308	0.4	1	62337 1971
34	62238	0.4	1	60073 2165
35	61197	0.4	1	59693 1504
36	52714	0.4	1	51513 1201
37	50311	0.4	1	48839 1472
38	50883	0.4	1	49477 1406
39	47632	0.4	1	46218 1414
40	40530	0.4	1	39164 1366
41	45572	0.4	1	44456 1116
42	36051	0.4	1	34801 1250
43	34225	0.4	1	33117 1108
44	34774	0.4	1	33594 1180
45	49238	0.4	1	48136 1102
46	8817	0.4	1	8446 371
47	21475	0.4	1	20850 625
48	48748	0.4	1	47562 1186
49	23187	0.4	1	22553 634
50	13107	0.4	1	12611 496
51	31958	0.4	1	31094 864
52	16748	0.4	1	16346 402
53	10059	0.4	1	9712 347
54	15863	0.4	1	15376 487
55	29680	0.4	1	29104 576
56	11666	0.4	1	11287 379
57	9783	0.4	1	9543 240
58	8200	0.4	1	7949 251
59	12070	0.4	1	11777 293
60	1919	0.4	1	1842 77
61	2655	0.4	1	2536 119
62	11386	0.4	1	11188 198
63	3488	0.4	1	3396 92
64	2457	0.4	1	2387 70
65	3715	0.4	1	3607 108
66	7313	0.4	1	7121 192
67	1847	0.4	1	1780 67
68	3760	0.4	1	3675 85
69	2598	0.4	1	2534 64
70	1519	0.4	1	1482 37
71	268	0.4	1	227 41
72	746	0.4	1	724 22
73	1627	0.4	1	1583 44
74	1761	0.4	1	1715 46
75	1543	0.4	1	1489 54
76	1401	0.4	1	1367 34
77	1248	0.4	1	1200 48
78	1256	0.4	1	1213 43
79	1010	0.4	1	976 34
80	958	0.4	1	907 51
81	934	0.4	1	887 47
82	882	0.4	1	836 46
83	651	0.4	1	621 30
84	539	0.4	1	513 26
85	489	0.4	1	469 20
86	421	0.4	1	381 40
87	427	0.4	1	384 43
88	392	0.4	1	317 75
89	435	0.4	1	377 58
90	339	0.4	1	299 40
91	292	0.4	1	261 31
92	245	0.4	1	223 22
93	275	0.4	1	187 88
94	301	0.4	1	176 125
95	199	0.4	1	147 52
96	311	0.4	1	165 146
97	190	0.4	1	146 44
98	180	0.4	1	114 66
99	142	0.4	1	111 31
100	174	0.4	1	154 20
101	176	0.4	1	117 59
102	117	0.4	1	104 13
103	90	0.4	1	62 28
104	124	0.4	1	73 51
105	86	0.4	1	52 34
106	82	0.4	1	55 27
107	104	0.4	1	64 40
108	83	0.4	1	54 29
109	54	0.4	1	43 11
110	70	0.4	1	59 11
111	79	0.4	1	73 6
112	53	0.4	1	43 10
113	67	0.4	1	42 25
114	59	0.4	1	55 4
115	47	0.4	1	33 14
116	41	0.4	1	34 7
117	58	0.4	1	42 16
118	52	0.4	1	46 6
119	63	0.4	1	43 20
120	40	0.4	1	27 13
121	30	0.4	1	20 10
122	58	0.4	1	39 19
123	64	0.4	1	34 30
124	47	0.4	1	35 12
125	52	0.4	1	34 18
126	35	0.4	1	22 13
127	47	0.4	1	28 19
128	41	0.4	1	24 17
129	43	0.4	1	20 23
130	46	0.4	1	22 24
131	45	0.4	1	26 19
132	82	0.4	1	36 46
133	50	0.4	1	19 31
134	68	0.4	1	32 36
135	44	0.4	1	25 19
136	45	0.4	1	36 9
137	41	0.4	1	30 11
138	71	0.4	1	46 25
139	30	0.4	1	13 17
140	30	0.4	1	9 21
141	31	0.4	1	8 23
142	84	0.4	1	13 71
143	102	0.4	1	5 97
144	200	0.4	1	1 199
145	11	0.4	1	2 9
146	75	0.4	1	2 73
147	28	0.4	1	3 25
148	84	0.4	1	3 81
149	15	0.4	1	0 15
150	7	0.4	1	0 7
151	82	0.4	1	1 81

RUN STATISTICS FOR INPUT FILE: /home/george_a/Documentos/Mtb_UAM_unizar/Analysis/Outputs/2_Reports/raw_fastqc/19_10_ANmF1C8_1.fastq.gz
=============================================
25574101 sequences processed in total

