
SUMMARISING RUN PARAMETERS
==========================
Input filename: /home/george_a/Documentos/Mtb_UAM_unizar/Analysis/Outputs/2_Reports/raw_fastqc/12_1_C11R6_F1_1.fastq.gz
Trimming mode: paired-end
Trim Galore version: 0.6.7
Cutadapt version: 3.5
Python version: 3.10.6
Number of cores used for trimming: 7
Quality Phred score cutoff: 20
Quality encoding type selected: ASCII+33
Using Illumina adapter for trimming (count: 144397). Second best hit was smallRNA (count: 43)
Adapter sequence: 'AGATCGGAAGAGC' (Illumina TruSeq, Sanger iPCR; auto-detected)
Maximum trimming error rate: 0.1 (default)
Minimum required adapter overlap (stringency): 5 bp
Minimum required sequence length for both reads before a sequence pair gets removed: 20 bp
Removing Ns from the start and end of reads
Running FastQC on the data once trimming has completed
Output file will be GZIP compressed


This is cutadapt 3.5 with Python 3.10.6
Command line parameters: -j 7 -e 0.1 -q 20 -O 5 --trim-n -a AGATCGGAAGAGC /home/george_a/Documentos/Mtb_UAM_unizar/Analysis/Outputs/2_Reports/raw_fastqc/12_1_C11R6_F1_1.fastq.gz
Processing reads on 7 cores in single-end mode ...
Finished in 104.03 s (4 µs/read; 17.14 M reads/minute).

=== Summary ===

Total reads processed:              29,717,693
Reads with adapters:                 6,038,489 (20.3%)
Reads written (passing filters):    29,717,693 (100.0%)

Total basepairs processed: 4,487,371,643 bp
Quality-trimmed:              10,009,234 bp (0.2%)
Total written (filtered):  4,323,659,287 bp (96.4%)

=== Adapter 1 ===

Sequence: AGATCGGAAGAGC; Type: regular 3'; Length: 13; Trimmed: 6038489 times

Minimum overlap: 5
No. of allowed errors:
1-9 bp: 0; 10-13 bp: 1

Bases preceding removed adapters:
  A: 9.1%
  C: 36.0%
  G: 47.0%
  T: 7.8%
  none/other: 0.0%

Overview of removed sequences
length	count	expect	max.err	error counts
5	213158	29021.2	0	213158
6	207051	7255.3	0	207051
7	188924	1813.8	0	188924
8	209116	453.5	0	209116
9	181834	113.4	0	181196 638
10	175532	28.3	1	171586 3946
11	183205	7.1	1	175430 7775
12	176774	1.8	1	171489 5285
13	185687	0.4	1	178919 6768
14	166440	0.4	1	159730 6710
15	164695	0.4	1	158269 6426
16	161238	0.4	1	154353 6885
17	171264	0.4	1	161261 10003
18	165855	0.4	1	161793 4062
19	124867	0.4	1	121728 3139
20	141901	0.4	1	136769 5132
21	143864	0.4	1	139649 4215
22	128235	0.4	1	124778 3457
23	144254	0.4	1	139470 4784
24	135719	0.4	1	128734 6985
25	131406	0.4	1	126821 4585
26	107598	0.4	1	105005 2593
27	117103	0.4	1	113393 3710
28	117519	0.4	1	113397 4122
29	118318	0.4	1	112970 5348
30	109020	0.4	1	106481 2539
31	98027	0.4	1	95520 2507
32	102647	0.4	1	99930 2717
33	99531	0.4	1	96021 3510
34	100290	0.4	1	96258 4032
35	90100	0.4	1	87956 2144
36	83258	0.4	1	81360 1898
37	88491	0.4	1	85557 2934
38	91165	0.4	1	87296 3869
39	71890	0.4	1	70355 1535
40	78556	0.4	1	75851 2705
41	75250	0.4	1	72161 3089
42	61228	0.4	1	59742 1486
43	67224	0.4	1	63728 3496
44	65188	0.4	1	62461 2727
45	87468	0.4	1	85867 1601
46	13987	0.4	1	13388 599
47	38909	0.4	1	37999 910
48	55326	0.4	1	53787 1539
49	52016	0.4	1	50760 1256
50	33699	0.4	1	32851 848
51	45686	0.4	1	44102 1584
52	35865	0.4	1	34942 923
53	28935	0.4	1	28340 595
54	29597	0.4	1	28672 925
55	40763	0.4	1	39610 1153
56	28822	0.4	1	28095 727
57	27463	0.4	1	26879 584
58	32872	0.4	1	32226 646
59	25344	0.4	1	24708 636
60	11629	0.4	1	11386 243
61	9378	0.4	1	9102 276
62	27811	0.4	1	27161 650
63	14160	0.4	1	13846 314
64	12453	0.4	1	12186 267
65	8307	0.4	1	8026 281
66	28484	0.4	1	27901 583
67	10126	0.4	1	9890 236
68	13145	0.4	1	12911 234
69	3084	0.4	1	2977 107
70	962	0.4	1	914 48
71	2183	0.4	1	2117 66
72	4331	0.4	1	4226 105
73	5726	0.4	1	5592 134
74	6220	0.4	1	6011 209
75	5317	0.4	1	5196 121
76	4843	0.4	1	4682 161
77	4458	0.4	1	4317 141
78	3933	0.4	1	3810 123
79	3769	0.4	1	3655 114
80	3194	0.4	1	3088 106
81	2988	0.4	1	2879 109
82	2657	0.4	1	2546 111
83	2197	0.4	1	2116 81
84	1929	0.4	1	1842 87
85	1627	0.4	1	1565 62
86	1554	0.4	1	1491 63
87	1572	0.4	1	1520 52
88	1418	0.4	1	1278 140
89	1448	0.4	1	1288 160
90	1246	0.4	1	1105 141
91	1007	0.4	1	927 80
92	956	0.4	1	835 121
93	922	0.4	1	745 177
94	813	0.4	1	740 73
95	737	0.4	1	677 60
96	1026	0.4	1	615 411
97	727	0.4	1	626 101
98	747	0.4	1	529 218
99	623	0.4	1	505 118
100	391	0.4	1	352 39
101	532	0.4	1	377 155
102	342	0.4	1	303 39
103	451	0.4	1	320 131
104	346	0.4	1	307 39
105	326	0.4	1	296 30
106	312	0.4	1	246 66
107	318	0.4	1	255 63
108	241	0.4	1	187 54
109	228	0.4	1	179 49
110	225	0.4	1	191 34
111	169	0.4	1	156 13
112	143	0.4	1	116 27
113	155	0.4	1	132 23
114	190	0.4	1	124 66
115	123	0.4	1	109 14
116	149	0.4	1	98 51
117	115	0.4	1	97 18
118	83	0.4	1	68 15
119	98	0.4	1	50 48
120	74	0.4	1	62 12
121	85	0.4	1	67 18
122	91	0.4	1	51 40
123	110	0.4	1	38 72
124	73	0.4	1	53 20
125	67	0.4	1	40 27
126	65	0.4	1	37 28
127	52	0.4	1	30 22
128	65	0.4	1	33 32
129	96	0.4	1	34 62
130	97	0.4	1	20 77
131	103	0.4	1	25 78
132	212	0.4	1	30 182
133	146	0.4	1	29 117
134	179	0.4	1	11 168
135	115	0.4	1	20 95
136	52	0.4	1	12 40
137	114	0.4	1	18 96
138	137	0.4	1	9 128
139	52	0.4	1	15 37
140	34	0.4	1	9 25
141	33	0.4	1	8 25
142	93	0.4	1	12 81
143	145	0.4	1	7 138
144	598	0.4	1	1 597
145	38	0.4	1	1 37
146	119	0.4	1	6 113
147	46	0.4	1	3 43
148	350	0.4	1	14 336
149	67	0.4	1	6 61
150	35	0.4	1	1 34
151	128	0.4	1	1 127

RUN STATISTICS FOR INPUT FILE: /home/george_a/Documentos/Mtb_UAM_unizar/Analysis/Outputs/2_Reports/raw_fastqc/12_1_C11R6_F1_1.fastq.gz
=============================================
29717693 sequences processed in total

