
SUMMARISING RUN PARAMETERS
==========================
Input filename: /home/george_a/Documentos/Mtb_UAM_unizar/Analysis/Outputs/2_Reports/raw_fastqc/19_01_AN_F2C12_1.fastq.gz
Trimming mode: paired-end
Trim Galore version: 0.6.7
Cutadapt version: 3.5
Python version: 3.10.6
Number of cores used for trimming: 7
Quality Phred score cutoff: 20
Quality encoding type selected: ASCII+33
Using Illumina adapter for trimming (count: 205381). Second best hit was smallRNA (count: 3)
Adapter sequence: 'AGATCGGAAGAGC' (Illumina TruSeq, Sanger iPCR; auto-detected)
Maximum trimming error rate: 0.1 (default)
Minimum required adapter overlap (stringency): 5 bp
Minimum required sequence length for both reads before a sequence pair gets removed: 20 bp
Removing Ns from the start and end of reads
Running FastQC on the data once trimming has completed
Output file will be GZIP compressed


This is cutadapt 3.5 with Python 3.10.6
Command line parameters: -j 7 -e 0.1 -q 20 -O 5 --trim-n -a AGATCGGAAGAGC /home/george_a/Documentos/Mtb_UAM_unizar/Analysis/Outputs/2_Reports/raw_fastqc/19_01_AN_F2C12_1.fastq.gz
Processing reads on 7 cores in single-end mode ...
Finished in 70.86 s (3 µs/read; 21.71 M reads/minute).

=== Summary ===

Total reads processed:              25,640,410
Reads with adapters:                 6,868,540 (26.8%)
Reads written (passing filters):    25,640,410 (100.0%)

Total basepairs processed: 3,871,701,910 bp
Quality-trimmed:               6,464,620 bp (0.2%)
Total written (filtered):  3,686,926,952 bp (95.2%)

=== Adapter 1 ===

Sequence: AGATCGGAAGAGC; Type: regular 3'; Length: 13; Trimmed: 6868540 times

Minimum overlap: 5
No. of allowed errors:
1-9 bp: 0; 10-13 bp: 1

Bases preceding removed adapters:
  A: 7.4%
  C: 48.4%
  G: 35.7%
  T: 8.5%
  none/other: 0.0%

Overview of removed sequences
length	count	expect	max.err	error counts
5	185404	25039.5	0	185404
6	208713	6259.9	0	208713
7	180693	1565.0	0	180693
8	213204	391.2	0	213204
9	188536	97.8	0	188036 500
10	184504	24.5	1	180249 4255
11	195766	6.1	1	189563 6203
12	193211	1.5	1	188025 5186
13	212325	0.4	1	206706 5619
14	175655	0.4	1	169742 5913
15	190053	0.4	1	184657 5396
16	157631	0.4	1	152436 5195
17	167833	0.4	1	161487 6346
18	172734	0.4	1	168210 4524
19	143164	0.4	1	139469 3695
20	149709	0.4	1	145275 4434
21	150416	0.4	1	146003 4413
22	175369	0.4	1	170836 4533
23	163007	0.4	1	158317 4690
24	146856	0.4	1	141595 5261
25	139072	0.4	1	134934 4138
26	138052	0.4	1	134882 3170
27	122676	0.4	1	119084 3592
28	129727	0.4	1	126183 3544
29	140170	0.4	1	135678 4492
30	125951	0.4	1	122816 3135
31	124748	0.4	1	121725 3023
32	119451	0.4	1	116416 3035
33	138297	0.4	1	134669 3628
34	120702	0.4	1	117469 3233
35	127760	0.4	1	123870 3890
36	131285	0.4	1	128538 2747
37	141088	0.4	1	137304 3784
38	125263	0.4	1	122327 2936
39	92765	0.4	1	90507 2258
40	83304	0.4	1	80719 2585
41	97016	0.4	1	94333 2683
42	103478	0.4	1	100548 2930
43	84773	0.4	1	81713 3060
44	72342	0.4	1	69955 2387
45	126998	0.4	1	124358 2640
46	16617	0.4	1	15604 1013
47	53904	0.4	1	51663 2241
48	356845	0.4	1	351228 5617
49	80369	0.4	1	78061 2308
50	8847	0.4	1	8161 686
51	79364	0.4	1	77827 1537
52	49045	0.4	1	47981 1064
53	4148	0.4	1	3848 300
54	17217	0.4	1	16698 519
55	38160	0.4	1	37529 631
56	11423	0.4	1	11027 396
57	2250	0.4	1	2072 178
58	2802	0.4	1	2657 145
59	7897	0.4	1	7655 242
60	1344	0.4	1	1239 105
61	2879	0.4	1	2729 150
62	20971	0.4	1	20657 314
63	3384	0.4	1	3234 150
64	2960	0.4	1	2840 120
65	3509	0.4	1	3382 127
66	11301	0.4	1	11113 188
67	1042	0.4	1	968 74
68	1529	0.4	1	1459 70
69	1843	0.4	1	1784 59
70	1337	0.4	1	1276 61
71	313	0.4	1	267 46
72	803	0.4	1	767 36
73	2751	0.4	1	2682 69
74	3933	0.4	1	3830 103
75	4077	0.4	1	3969 108
76	3598	0.4	1	3490 108
77	3339	0.4	1	3240 99
78	3252	0.4	1	3162 90
79	2430	0.4	1	2344 86
80	2348	0.4	1	2266 82
81	2484	0.4	1	2417 67
82	2061	0.4	1	1999 62
83	1380	0.4	1	1326 54
84	1197	0.4	1	1161 36
85	996	0.4	1	972 24
86	936	0.4	1	887 49
87	891	0.4	1	827 64
88	859	0.4	1	790 69
89	833	0.4	1	758 75
90	687	0.4	1	636 51
91	614	0.4	1	579 35
92	528	0.4	1	494 34
93	549	0.4	1	504 45
94	525	0.4	1	479 46
95	468	0.4	1	406 62
96	528	0.4	1	416 112
97	398	0.4	1	367 31
98	289	0.4	1	239 50
99	288	0.4	1	253 35
100	236	0.4	1	212 24
101	313	0.4	1	248 65
102	199	0.4	1	180 19
103	200	0.4	1	155 45
104	219	0.4	1	188 31
105	168	0.4	1	145 23
106	147	0.4	1	130 17
107	138	0.4	1	117 21
108	114	0.4	1	101 13
109	135	0.4	1	114 21
110	134	0.4	1	121 13
111	101	0.4	1	97 4
112	113	0.4	1	100 13
113	84	0.4	1	68 16
114	122	0.4	1	112 10
115	94	0.4	1	77 17
116	97	0.4	1	83 14
117	83	0.4	1	58 25
118	79	0.4	1	66 13
119	70	0.4	1	52 18
120	57	0.4	1	53 4
121	54	0.4	1	45 9
122	60	0.4	1	40 20
123	75	0.4	1	61 14
124	58	0.4	1	49 9
125	60	0.4	1	53 7
126	44	0.4	1	35 9
127	50	0.4	1	42 8
128	52	0.4	1	35 17
129	74	0.4	1	39 35
130	58	0.4	1	32 26
131	56	0.4	1	29 27
132	93	0.4	1	30 63
133	59	0.4	1	28 31
134	56	0.4	1	29 27
135	41	0.4	1	20 21
136	30	0.4	1	23 7
137	37	0.4	1	22 15
138	47	0.4	1	26 21
139	23	0.4	1	13 10
140	33	0.4	1	3 30
141	16	0.4	1	7 9
142	81	0.4	1	13 68
143	107	0.4	1	1 106
144	151	0.4	1	3 148
145	16	0.4	1	2 14
146	41	0.4	1	5 36
147	6	0.4	1	0 6
148	30	0.4	1	0 30
149	8	0.4	1	0 8
150	12	0.4	1	0 12
151	66	0.4	1	0 66

RUN STATISTICS FOR INPUT FILE: /home/george_a/Documentos/Mtb_UAM_unizar/Analysis/Outputs/2_Reports/raw_fastqc/19_01_AN_F2C12_1.fastq.gz
=============================================
25640410 sequences processed in total

