
SUMMARISING RUN PARAMETERS
==========================
Input filename: /home/george_a/Documentos/Mtb_UAM_unizar/Analysis/Outputs/2_Reports/raw_fastqc/19_01_ANmF1C11_1.fastq.gz
Trimming mode: paired-end
Trim Galore version: 0.6.7
Cutadapt version: 3.5
Python version: 3.10.6
Number of cores used for trimming: 7
Quality Phred score cutoff: 20
Quality encoding type selected: ASCII+33
Using Illumina adapter for trimming (count: 570475). Second best hit was Nextera (count: 0)
Adapter sequence: 'AGATCGGAAGAGC' (Illumina TruSeq, Sanger iPCR; auto-detected)
Maximum trimming error rate: 0.1 (default)
Minimum required adapter overlap (stringency): 5 bp
Minimum required sequence length for both reads before a sequence pair gets removed: 20 bp
Removing Ns from the start and end of reads
Running FastQC on the data once trimming has completed
Output file will be GZIP compressed


This is cutadapt 3.5 with Python 3.10.6
Command line parameters: -j 7 -e 0.1 -q 20 -O 5 --trim-n -a AGATCGGAAGAGC /home/george_a/Documentos/Mtb_UAM_unizar/Analysis/Outputs/2_Reports/raw_fastqc/19_01_ANmF1C11_1.fastq.gz
Processing reads on 7 cores in single-end mode ...
Finished in 62.83 s (3 µs/read; 23.44 M reads/minute).

=== Summary ===

Total reads processed:              24,542,403
Reads with adapters:                16,610,221 (67.7%)
Reads written (passing filters):    24,542,403 (100.0%)

Total basepairs processed: 3,705,902,853 bp
Quality-trimmed:               2,263,965 bp (0.1%)
Total written (filtered):  3,108,918,046 bp (83.9%)

=== Adapter 1 ===

Sequence: AGATCGGAAGAGC; Type: regular 3'; Length: 13; Trimmed: 16610221 times

Minimum overlap: 5
No. of allowed errors:
1-9 bp: 0; 10-13 bp: 1

Bases preceding removed adapters:
  A: 12.7%
  C: 42.7%
  G: 36.4%
  T: 8.1%
  none/other: 0.1%

Overview of removed sequences
length	count	expect	max.err	error counts
5	273865	23967.2	0	273865
6	309946	5991.8	0	309946
7	238149	1497.9	0	238149
8	347263	374.5	0	347263
9	242444	93.6	0	242226 218
10	294259	23.4	1	291176 3083
11	267407	5.9	1	263741 3666
12	287885	1.5	1	284533 3352
13	441124	0.4	1	436152 4972
14	268485	0.4	1	263745 4740
15	259939	0.4	1	256483 3456
16	348418	0.4	1	343988 4430
17	235119	0.4	1	231131 3988
18	419406	0.4	1	414050 5356
19	281425	0.4	1	277721 3704
20	255301	0.4	1	252055 3246
21	278270	0.4	1	274547 3723
22	209890	0.4	1	206789 3101
23	501544	0.4	1	496006 5538
24	247560	0.4	1	242530 5030
25	265825	0.4	1	262475 3350
26	208163	0.4	1	205881 2282
27	226230	0.4	1	223425 2805
28	268355	0.4	1	265443 2912
29	247002	0.4	1	243515 3487
30	241328	0.4	1	237881 3447
31	262924	0.4	1	259853 3071
32	228537	0.4	1	225433 3104
33	295791	0.4	1	292274 3517
34	246420	0.4	1	243238 3182
35	277469	0.4	1	274236 3233
36	269212	0.4	1	266269 2943
37	219020	0.4	1	216457 2563
38	298352	0.4	1	295208 3144
39	325995	0.4	1	321918 4077
40	287576	0.4	1	283495 4081
41	348037	0.4	1	344272 3765
42	216653	0.4	1	213593 3060
43	208985	0.4	1	206055 2930
44	194289	0.4	1	191650 2639
45	380817	0.4	1	377445 3372
46	43212	0.4	1	41862 1350
47	160074	0.4	1	158227 1847
48	241112	0.4	1	238348 2764
49	190976	0.4	1	188786 2190
50	259991	0.4	1	257367 2624
51	283444	0.4	1	280265 3179
52	190155	0.4	1	187753 2402
53	162955	0.4	1	161218 1737
54	155769	0.4	1	153913 1856
55	191228	0.4	1	189072 2156
56	219618	0.4	1	217142 2476
57	203013	0.4	1	200637 2376
58	300651	0.4	1	298131 2520
59	142367	0.4	1	140518 1849
60	156733	0.4	1	154991 1742
61	104347	0.4	1	103225 1122
62	137094	0.4	1	135393 1701
63	161459	0.4	1	159686 1773
64	144592	0.4	1	143270 1322
65	108057	0.4	1	106690 1367
66	130227	0.4	1	128806 1421
67	133385	0.4	1	131821 1564
68	170111	0.4	1	168480 1631
69	162226	0.4	1	160751 1475
70	120263	0.4	1	119139 1124
71	9898	0.4	1	9644 254
72	12519	0.4	1	12277 242
73	61095	0.4	1	60540 555
74	74317	0.4	1	73594 723
75	49443	0.4	1	48936 507
76	58066	0.4	1	57515 551
77	46140	0.4	1	45659 481
78	49832	0.4	1	49109 723
79	51927	0.4	1	51391 536
80	37534	0.4	1	37044 490
81	40757	0.4	1	40284 473
82	34478	0.4	1	34011 467
83	24384	0.4	1	24049 335
84	25751	0.4	1	25456 295
85	15493	0.4	1	15348 145
86	18067	0.4	1	17873 194
87	18763	0.4	1	18614 149
88	16330	0.4	1	16096 234
89	20119	0.4	1	19939 180
90	14642	0.4	1	14385 257
91	12575	0.4	1	12424 151
92	9590	0.4	1	9505 85
93	8351	0.4	1	8190 161
94	9443	0.4	1	9323 120
95	8085	0.4	1	8022 63
96	6915	0.4	1	6825 90
97	7764	0.4	1	7651 113
98	5715	0.4	1	5662 53
99	4583	0.4	1	4543 40
100	4759	0.4	1	4725 34
101	5390	0.4	1	5335 55
102	4155	0.4	1	4119 36
103	3633	0.4	1	3593 40
104	3920	0.4	1	3856 64
105	3253	0.4	1	3213 40
106	2518	0.4	1	2479 39
107	3614	0.4	1	3551 63
108	2146	0.4	1	2106 40
109	1912	0.4	1	1824 88
110	2219	0.4	1	2183 36
111	2183	0.4	1	2146 37
112	1706	0.4	1	1677 29
113	1242	0.4	1	1219 23
114	1174	0.4	1	1137 37
115	932	0.4	1	926 6
116	776	0.4	1	763 13
117	695	0.4	1	684 11
118	795	0.4	1	786 9
119	645	0.4	1	629 16
120	615	0.4	1	600 15
121	455	0.4	1	436 19
122	215	0.4	1	211 4
123	113	0.4	1	101 12
124	261	0.4	1	250 11
125	104	0.4	1	102 2
126	102	0.4	1	92 10
127	61	0.4	1	55 6
128	78	0.4	1	73 5
129	80	0.4	1	78 2
130	42	0.4	1	40 2
131	69	0.4	1	60 9
132	105	0.4	1	99 6
133	42	0.4	1	31 11
134	51	0.4	1	51
135	21	0.4	1	19 2
136	38	0.4	1	32 6
137	19	0.4	1	19
138	24	0.4	1	24
139	13	0.4	1	13
140	13	0.4	1	12 1
141	16	0.4	1	9 7
142	20	0.4	1	12 8
143	28	0.4	1	14 14
144	25	0.4	1	22 3
145	6	0.4	1	6
146	62	0.4	1	26 36
147	7	0.4	1	7
148	24	0.4	1	12 12
149	25	0.4	1	6 19
150	19	0.4	1	3 16
151	9487	0.4	1	9 9478

RUN STATISTICS FOR INPUT FILE: /home/george_a/Documentos/Mtb_UAM_unizar/Analysis/Outputs/2_Reports/raw_fastqc/19_01_ANmF1C11_1.fastq.gz
=============================================
24542403 sequences processed in total

