
SUMMARISING RUN PARAMETERS
==========================
Input filename: /home/george_a/Documentos/Mtb_UAM_unizar/Analysis/Outputs/2_Reports/raw_fastqc/23_4MMmADN_F2C2_1.fastq.gz
Trimming mode: paired-end
Trim Galore version: 0.6.7
Cutadapt version: 3.5
Python version: 3.10.6
Number of cores used for trimming: 7
Quality Phred score cutoff: 20
Quality encoding type selected: ASCII+33
Using Illumina adapter for trimming (count: 141434). Second best hit was smallRNA (count: 11)
Adapter sequence: 'AGATCGGAAGAGC' (Illumina TruSeq, Sanger iPCR; auto-detected)
Maximum trimming error rate: 0.1 (default)
Minimum required adapter overlap (stringency): 5 bp
Minimum required sequence length for both reads before a sequence pair gets removed: 20 bp
Removing Ns from the start and end of reads
Running FastQC on the data once trimming has completed
Output file will be GZIP compressed


This is cutadapt 3.5 with Python 3.10.6
Command line parameters: -j 7 -e 0.1 -q 20 -O 5 --trim-n -a AGATCGGAAGAGC /home/george_a/Documentos/Mtb_UAM_unizar/Analysis/Outputs/2_Reports/raw_fastqc/23_4MMmADN_F2C2_1.fastq.gz
Processing reads on 7 cores in single-end mode ...
Finished in 71.33 s (3 µs/read; 21.64 M reads/minute).

=== Summary ===

Total reads processed:              25,730,058
Reads with adapters:                 5,180,981 (20.1%)
Reads written (passing filters):    25,730,058 (100.0%)

Total basepairs processed: 3,885,238,758 bp
Quality-trimmed:               3,602,828 bp (0.1%)
Total written (filtered):  3,755,929,647 bp (96.7%)

=== Adapter 1 ===

Sequence: AGATCGGAAGAGC; Type: regular 3'; Length: 13; Trimmed: 5180981 times

Minimum overlap: 5
No. of allowed errors:
1-9 bp: 0; 10-13 bp: 1

Bases preceding removed adapters:
  A: 6.6%
  C: 48.1%
  G: 34.6%
  T: 10.7%
  none/other: 0.0%

Overview of removed sequences
length	count	expect	max.err	error counts
5	180274	25127.0	0	180274
6	185419	6281.8	0	185419
7	168046	1570.4	0	168046
8	184972	392.6	0	184972
9	156225	98.2	0	155439 786
10	158193	24.5	1	154968 3225
11	158163	6.1	1	153667 4496
12	156286	1.5	1	152566 3720
13	164392	0.4	1	160064 4328
14	135503	0.4	1	131158 4345
15	148562	0.4	1	144389 4173
16	141821	0.4	1	137491 4330
17	138405	0.4	1	133353 5052
18	147299	0.4	1	143484 3815
19	109051	0.4	1	106050 3001
20	120067	0.4	1	116551 3516
21	119885	0.4	1	116569 3316
22	125173	0.4	1	122134 3039
23	121222	0.4	1	117681 3541
24	109540	0.4	1	105700 3840
25	113538	0.4	1	110465 3073
26	104253	0.4	1	101758 2495
27	97528	0.4	1	94854 2674
28	106819	0.4	1	103966 2853
29	108655	0.4	1	105403 3252
30	105227	0.4	1	102580 2647
31	102187	0.4	1	99873 2314
32	97725	0.4	1	95223 2502
33	96400	0.4	1	93901 2499
34	93446	0.4	1	90772 2674
35	83583	0.4	1	81764 1819
36	89077	0.4	1	86827 2250
37	78977	0.4	1	76919 2058
38	69317	0.4	1	67629 1688
39	64159	0.4	1	62209 1950
40	54264	0.4	1	52809 1455
41	58228	0.4	1	56500 1728
42	55121	0.4	1	53736 1385
43	55616	0.4	1	53958 1658
44	46011	0.4	1	44550 1461
45	94539	0.4	1	92793 1746
46	16408	0.4	1	15660 748
47	29234	0.4	1	28126 1108
48	114348	0.4	1	112308 2040
49	34067	0.4	1	33219 848
50	8766	0.4	1	8220 546
51	46752	0.4	1	45742 1010
52	31125	0.4	1	30516 609
53	8461	0.4	1	8141 320
54	21343	0.4	1	20699 644
55	50995	0.4	1	50212 783
56	14987	0.4	1	14633 354
57	7871	0.4	1	7678 193
58	6566	0.4	1	6352 214
59	13450	0.4	1	13168 282
60	1464	0.4	1	1381 83
61	2829	0.4	1	2664 165
62	17163	0.4	1	16883 280
63	2702	0.4	1	2592 110
64	2141	0.4	1	2059 82
65	3721	0.4	1	3606 115
66	10008	0.4	1	9831 177
67	1041	0.4	1	973 68
68	2653	0.4	1	2580 73
69	1874	0.4	1	1805 69
70	938	0.4	1	904 34
71	270	0.4	1	239 31
72	772	0.4	1	727 45
73	1897	0.4	1	1838 59
74	2264	0.4	1	2189 75
75	2004	0.4	1	1937 67
76	1880	0.4	1	1809 71
77	1639	0.4	1	1572 67
78	1666	0.4	1	1623 43
79	1218	0.4	1	1150 68
80	1230	0.4	1	1175 55
81	1051	0.4	1	1010 41
82	1042	0.4	1	993 49
83	792	0.4	1	749 43
84	664	0.4	1	631 33
85	479	0.4	1	453 26
86	497	0.4	1	420 77
87	562	0.4	1	492 70
88	427	0.4	1	365 62
89	480	0.4	1	437 43
90	379	0.4	1	338 41
91	321	0.4	1	286 35
92	261	0.4	1	243 18
93	264	0.4	1	221 43
94	232	0.4	1	193 39
95	243	0.4	1	174 69
96	335	0.4	1	200 135
97	188	0.4	1	168 20
98	163	0.4	1	120 43
99	216	0.4	1	128 88
100	145	0.4	1	116 29
101	180	0.4	1	112 68
102	105	0.4	1	91 14
103	131	0.4	1	87 44
104	128	0.4	1	96 32
105	101	0.4	1	77 24
106	83	0.4	1	68 15
107	109	0.4	1	75 34
108	80	0.4	1	63 17
109	77	0.4	1	59 18
110	84	0.4	1	74 10
111	79	0.4	1	62 17
112	69	0.4	1	55 14
113	57	0.4	1	39 18
114	71	0.4	1	60 11
115	47	0.4	1	36 11
116	67	0.4	1	58 9
117	54	0.4	1	36 18
118	50	0.4	1	41 9
119	67	0.4	1	53 14
120	59	0.4	1	36 23
121	37	0.4	1	27 10
122	88	0.4	1	34 54
123	63	0.4	1	39 24
124	63	0.4	1	48 15
125	36	0.4	1	30 6
126	38	0.4	1	26 12
127	39	0.4	1	30 9
128	37	0.4	1	22 15
129	59	0.4	1	41 18
130	44	0.4	1	23 21
131	103	0.4	1	41 62
132	125	0.4	1	41 84
133	82	0.4	1	29 53
134	52	0.4	1	24 28
135	32	0.4	1	25 7
136	35	0.4	1	27 8
137	34	0.4	1	21 13
138	43	0.4	1	23 20
139	41	0.4	1	15 26
140	57	0.4	1	8 49
141	62	0.4	1	13 49
142	94	0.4	1	8 86
143	113	0.4	1	2 111
144	151	0.4	1	0 151
145	5	0.4	1	1 4
146	20	0.4	1	3 17
147	4	0.4	1	0 4
148	27	0.4	1	1 26
149	6	0.4	1	1 5
150	5	0.4	1	0 5
151	32	0.4	1	0 32

RUN STATISTICS FOR INPUT FILE: /home/george_a/Documentos/Mtb_UAM_unizar/Analysis/Outputs/2_Reports/raw_fastqc/23_4MMmADN_F2C2_1.fastq.gz
=============================================
25730058 sequences processed in total

