
SUMMARISING RUN PARAMETERS
==========================
Input filename: /home/george_a/Documentos/Mtb_UAM_unizar/Analysis/Outputs/2_Reports/raw_fastqc/19_01_ANmF1C12_1.fastq.gz
Trimming mode: paired-end
Trim Galore version: 0.6.7
Cutadapt version: 3.5
Python version: 3.10.6
Number of cores used for trimming: 7
Quality Phred score cutoff: 20
Quality encoding type selected: ASCII+33
Using Illumina adapter for trimming (count: 175026). Second best hit was smallRNA (count: 2)
Adapter sequence: 'AGATCGGAAGAGC' (Illumina TruSeq, Sanger iPCR; auto-detected)
Maximum trimming error rate: 0.1 (default)
Minimum required adapter overlap (stringency): 5 bp
Minimum required sequence length for both reads before a sequence pair gets removed: 20 bp
Removing Ns from the start and end of reads
Running FastQC on the data once trimming has completed
Output file will be GZIP compressed


This is cutadapt 3.5 with Python 3.10.6
Command line parameters: -j 7 -e 0.1 -q 20 -O 5 --trim-n -a AGATCGGAAGAGC /home/george_a/Documentos/Mtb_UAM_unizar/Analysis/Outputs/2_Reports/raw_fastqc/19_01_ANmF1C12_1.fastq.gz
Processing reads on 7 cores in single-end mode ...
Finished in 71.85 s (3 µs/read; 22.08 M reads/minute).

=== Summary ===

Total reads processed:              26,436,403
Reads with adapters:                 6,202,991 (23.5%)
Reads written (passing filters):    26,436,403 (100.0%)

Total basepairs processed: 3,991,896,853 bp
Quality-trimmed:               4,261,871 bp (0.1%)
Total written (filtered):  3,832,227,924 bp (96.0%)

=== Adapter 1 ===

Sequence: AGATCGGAAGAGC; Type: regular 3'; Length: 13; Trimmed: 6202991 times

Minimum overlap: 5
No. of allowed errors:
1-9 bp: 0; 10-13 bp: 1

Bases preceding removed adapters:
  A: 6.7%
  C: 48.9%
  G: 35.6%
  T: 8.9%
  none/other: 0.0%

Overview of removed sequences
length	count	expect	max.err	error counts
5	184604	25816.8	0	184604
6	207560	6454.2	0	207560
7	181557	1613.5	0	181557
8	208903	403.4	0	208903
9	183872	100.8	0	183171 701
10	180410	25.2	1	176185 4225
11	188053	6.3	1	182175 5878
12	190748	1.6	1	185747 5001
13	208932	0.4	1	203507 5425
14	168987	0.4	1	163394 5593
15	181490	0.4	1	176352 5138
16	151092	0.4	1	146116 4976
17	157697	0.4	1	151906 5791
18	162690	0.4	1	158344 4346
19	134437	0.4	1	130991 3446
20	138545	0.4	1	134482 4063
21	139066	0.4	1	135005 4061
22	164008	0.4	1	159928 4080
23	146707	0.4	1	142451 4256
24	133759	0.4	1	128924 4835
25	123625	0.4	1	119874 3751
26	123357	0.4	1	120533 2824
27	110066	0.4	1	106762 3304
28	116816	0.4	1	113650 3166
29	122047	0.4	1	118182 3865
30	112429	0.4	1	109594 2835
31	107148	0.4	1	104668 2480
32	108954	0.4	1	106071 2883
33	120147	0.4	1	116954 3193
34	111065	0.4	1	107861 3204
35	112710	0.4	1	110353 2357
36	105979	0.4	1	103125 2854
37	120550	0.4	1	117946 2604
38	98959	0.4	1	96802 2157
39	83962	0.4	1	81704 2258
40	64815	0.4	1	62752 2063
41	80247	0.4	1	78245 2002
42	77807	0.4	1	75576 2231
43	75673	0.4	1	73585 2088
44	59481	0.4	1	57421 2060
45	99317	0.4	1	97211 2106
46	16640	0.4	1	15791 849
47	37231	0.4	1	36037 1194
48	154276	0.4	1	151547 2729
49	40207	0.4	1	38984 1223
50	12091	0.4	1	11450 641
51	68700	0.4	1	67221 1479
52	45633	0.4	1	44715 918
53	10063	0.4	1	9642 421
54	29563	0.4	1	28720 843
55	79916	0.4	1	78732 1184
56	22422	0.4	1	21894 528
57	11650	0.4	1	11330 320
58	8895	0.4	1	8642 253
59	18110	0.4	1	17743 367
60	1482	0.4	1	1376 106
61	3349	0.4	1	3191 158
62	26104	0.4	1	25730 374
63	3048	0.4	1	2904 144
64	2430	0.4	1	2349 81
65	4590	0.4	1	4413 177
66	15293	0.4	1	15024 269
67	1092	0.4	1	1002 90
68	3395	0.4	1	3297 98
69	2184	0.4	1	2125 59
70	1193	0.4	1	1135 58
71	371	0.4	1	341 30
72	1211	0.4	1	1166 45
73	2660	0.4	1	2588 72
74	3130	0.4	1	3044 86
75	2967	0.4	1	2864 103
76	2467	0.4	1	2379 88
77	2208	0.4	1	2138 70
78	2066	0.4	1	1996 70
79	1559	0.4	1	1494 65
80	1567	0.4	1	1480 87
81	1609	0.4	1	1542 67
82	1373	0.4	1	1310 63
83	945	0.4	1	905 40
84	775	0.4	1	733 42
85	646	0.4	1	613 33
86	656	0.4	1	606 50
87	604	0.4	1	539 65
88	588	0.4	1	521 67
89	588	0.4	1	529 59
90	444	0.4	1	411 33
91	377	0.4	1	343 34
92	366	0.4	1	324 42
93	349	0.4	1	296 53
94	331	0.4	1	283 48
95	265	0.4	1	208 57
96	384	0.4	1	274 110
97	268	0.4	1	233 35
98	240	0.4	1	168 72
99	233	0.4	1	168 65
100	194	0.4	1	167 27
101	221	0.4	1	146 75
102	150	0.4	1	132 18
103	158	0.4	1	117 41
104	143	0.4	1	98 45
105	124	0.4	1	82 42
106	97	0.4	1	80 17
107	131	0.4	1	107 24
108	98	0.4	1	86 12
109	100	0.4	1	82 18
110	96	0.4	1	81 15
111	77	0.4	1	65 12
112	66	0.4	1	57 9
113	68	0.4	1	55 13
114	60	0.4	1	50 10
115	89	0.4	1	68 21
116	81	0.4	1	68 13
117	71	0.4	1	46 25
118	81	0.4	1	66 15
119	65	0.4	1	49 16
120	55	0.4	1	44 11
121	56	0.4	1	49 7
122	65	0.4	1	44 21
123	88	0.4	1	66 22
124	66	0.4	1	36 30
125	54	0.4	1	46 8
126	56	0.4	1	43 13
127	52	0.4	1	42 10
128	58	0.4	1	32 26
129	68	0.4	1	31 37
130	56	0.4	1	31 25
131	85	0.4	1	44 41
132	73	0.4	1	32 41
133	88	0.4	1	39 49
134	58	0.4	1	34 24
135	40	0.4	1	23 17
136	54	0.4	1	40 14
137	40	0.4	1	29 11
138	69	0.4	1	39 30
139	27	0.4	1	14 13
140	35	0.4	1	8 27
141	25	0.4	1	3 22
142	66	0.4	1	11 55
143	134	0.4	1	8 126
144	154	0.4	1	3 151
145	7	0.4	1	0 7
146	22	0.4	1	1 21
147	13	0.4	1	0 13
148	36	0.4	1	1 35
149	5	0.4	1	1 4
150	9	0.4	1	0 9
151	32	0.4	1	0 32

RUN STATISTICS FOR INPUT FILE: /home/george_a/Documentos/Mtb_UAM_unizar/Analysis/Outputs/2_Reports/raw_fastqc/19_01_ANmF1C12_1.fastq.gz
=============================================
26436403 sequences processed in total

