
SUMMARISING RUN PARAMETERS
==========================
Input filename: /home/george_a/Documentos/Mtb_UAM_unizar/Analysis/Outputs/2_Reports/raw_fastqc/19_01_AN_F2C11_1.fastq.gz
Trimming mode: paired-end
Trim Galore version: 0.6.7
Cutadapt version: 3.5
Python version: 3.10.6
Number of cores used for trimming: 7
Quality Phred score cutoff: 20
Quality encoding type selected: ASCII+33
Using Illumina adapter for trimming (count: 136798). Second best hit was smallRNA (count: 21)
Adapter sequence: 'AGATCGGAAGAGC' (Illumina TruSeq, Sanger iPCR; auto-detected)
Maximum trimming error rate: 0.1 (default)
Minimum required adapter overlap (stringency): 5 bp
Minimum required sequence length for both reads before a sequence pair gets removed: 20 bp
Removing Ns from the start and end of reads
Running FastQC on the data once trimming has completed
Output file will be GZIP compressed


This is cutadapt 3.5 with Python 3.10.6
Command line parameters: -j 7 -e 0.1 -q 20 -O 5 --trim-n -a AGATCGGAAGAGC /home/george_a/Documentos/Mtb_UAM_unizar/Analysis/Outputs/2_Reports/raw_fastqc/19_01_AN_F2C11_1.fastq.gz
Processing reads on 7 cores in single-end mode ...
Finished in 106.09 s (4 µs/read; 16.94 M reads/minute).

=== Summary ===

Total reads processed:              29,948,479
Reads with adapters:                 5,684,078 (19.0%)
Reads written (passing filters):    29,948,479 (100.0%)

Total basepairs processed: 4,522,220,329 bp
Quality-trimmed:               5,440,559 bp (0.1%)
Total written (filtered):  4,379,884,769 bp (96.9%)

=== Adapter 1 ===

Sequence: AGATCGGAAGAGC; Type: regular 3'; Length: 13; Trimmed: 5684078 times

Minimum overlap: 5
No. of allowed errors:
1-9 bp: 0; 10-13 bp: 1

Bases preceding removed adapters:
  A: 8.0%
  C: 38.3%
  G: 43.5%
  T: 10.1%
  none/other: 0.0%

Overview of removed sequences
length	count	expect	max.err	error counts
5	217191	29246.6	0	217191
6	207988	7311.6	0	207988
7	187809	1827.9	0	187809
8	200177	457.0	0	200177
9	180423	114.2	0	179822 601
10	179307	28.6	1	174770 4537
11	179664	7.1	1	172832 6832
12	175924	1.8	1	170719 5205
13	176967	0.4	1	171070 5897
14	160333	0.4	1	154471 5862
15	167700	0.4	1	161675 6025
16	153377	0.4	1	147730 5647
17	159915	0.4	1	152608 7307
18	164258	0.4	1	159389 4869
19	125638	0.4	1	122229 3409
20	140743	0.4	1	136104 4639
21	137918	0.4	1	133990 3928
22	130295	0.4	1	126570 3725
23	137033	0.4	1	132632 4401
24	129867	0.4	1	124294 5573
25	126159	0.4	1	121961 4198
26	109151	0.4	1	106388 2763
27	114014	0.4	1	110504 3510
28	112119	0.4	1	108500 3619
29	111064	0.4	1	106884 4180
30	106663	0.4	1	103773 2890
31	98742	0.4	1	95967 2775
32	97864	0.4	1	95166 2698
33	94573	0.4	1	91174 3399
34	95713	0.4	1	92048 3665
35	89597	0.4	1	87197 2400
36	79408	0.4	1	77516 1892
37	78447	0.4	1	76049 2398
38	81245	0.4	1	78508 2737
39	73805	0.4	1	71262 2543
40	60559	0.4	1	58910 1649
41	64601	0.4	1	62275 2326
42	58141	0.4	1	56497 1644
43	58065	0.4	1	55746 2319
44	55791	0.4	1	53719 2072
45	79568	0.4	1	77977 1591
46	12130	0.4	1	11548 582
47	34593	0.4	1	33787 806
48	47303	0.4	1	45905 1398
49	42297	0.4	1	41155 1142
50	30657	0.4	1	29784 873
51	37620	0.4	1	36327 1293
52	31070	0.4	1	30184 886
53	25453	0.4	1	24725 728
54	25414	0.4	1	24566 848
55	30754	0.4	1	29792 962
56	20949	0.4	1	20295 654
57	22160	0.4	1	21566 594
58	22364	0.4	1	21839 525
59	17072	0.4	1	16589 483
60	9486	0.4	1	9224 262
61	6763	0.4	1	6505 258
62	18945	0.4	1	18438 507
63	10719	0.4	1	10451 268
64	8455	0.4	1	8239 216
65	5600	0.4	1	5422 178
66	15658	0.4	1	15288 370
67	6095	0.4	1	5911 184
68	7052	0.4	1	6877 175
69	2291	0.4	1	2206 85
70	884	0.4	1	829 55
71	1031	0.4	1	968 63
72	1872	0.4	1	1807 65
73	2653	0.4	1	2564 89
74	2721	0.4	1	2614 107
75	2296	0.4	1	2217 79
76	2193	0.4	1	2104 89
77	1726	0.4	1	1662 64
78	1656	0.4	1	1582 74
79	1431	0.4	1	1349 82
80	1281	0.4	1	1173 108
81	1074	0.4	1	1002 72
82	1011	0.4	1	929 82
83	858	0.4	1	799 59
84	740	0.4	1	680 60
85	626	0.4	1	590 36
86	609	0.4	1	514 95
87	580	0.4	1	472 108
88	583	0.4	1	426 157
89	539	0.4	1	394 145
90	436	0.4	1	341 95
91	359	0.4	1	302 57
92	361	0.4	1	281 80
93	358	0.4	1	240 118
94	302	0.4	1	236 66
95	365	0.4	1	226 139
96	616	0.4	1	187 429
97	241	0.4	1	197 44
98	329	0.4	1	171 158
99	231	0.4	1	135 96
100	200	0.4	1	151 49
101	314	0.4	1	131 183
102	149	0.4	1	105 44
103	190	0.4	1	107 83
104	186	0.4	1	105 81
105	121	0.4	1	85 36
106	116	0.4	1	84 32
107	129	0.4	1	86 43
108	101	0.4	1	75 26
109	104	0.4	1	83 21
110	96	0.4	1	60 36
111	80	0.4	1	69 11
112	79	0.4	1	53 26
113	72	0.4	1	53 19
114	90	0.4	1	54 36
115	42	0.4	1	28 14
116	71	0.4	1	57 14
117	82	0.4	1	40 42
118	54	0.4	1	41 13
119	68	0.4	1	37 31
120	67	0.4	1	46 21
121	38	0.4	1	26 12
122	80	0.4	1	34 46
123	65	0.4	1	33 32
124	68	0.4	1	41 27
125	60	0.4	1	38 22
126	50	0.4	1	28 22
127	37	0.4	1	25 12
128	84	0.4	1	30 54
129	99	0.4	1	24 75
130	94	0.4	1	23 71
131	118	0.4	1	16 102
132	202	0.4	1	32 170
133	115	0.4	1	21 94
134	97	0.4	1	18 79
135	60	0.4	1	24 36
136	35	0.4	1	15 20
137	55	0.4	1	18 37
138	75	0.4	1	20 55
139	66	0.4	1	9 57
140	62	0.4	1	15 47
141	57	0.4	1	3 54
142	202	0.4	1	8 194
143	353	0.4	1	3 350
144	509	0.4	1	3 506
145	22	0.4	1	0 22
146	72	0.4	1	6 66
147	33	0.4	1	2 31
148	116	0.4	1	6 110
149	23	0.4	1	1 22
150	8	0.4	1	0 8
151	34	0.4	1	0 34

RUN STATISTICS FOR INPUT FILE: /home/george_a/Documentos/Mtb_UAM_unizar/Analysis/Outputs/2_Reports/raw_fastqc/19_01_AN_F2C11_1.fastq.gz
=============================================
29948479 sequences processed in total

