
SUMMARISING RUN PARAMETERS
==========================
Input filename: /home/george_a/Documentos/Mtb_UAM_unizar/Analysis/Outputs/2_Reports/raw_fastqc/19_01_ADNmF1C2r_1.fastq.gz
Trimming mode: paired-end
Trim Galore version: 0.6.7
Cutadapt version: 3.5
Python version: 3.10.6
Number of cores used for trimming: 7
Quality Phred score cutoff: 20
Quality encoding type selected: ASCII+33
Using Illumina adapter for trimming (count: 167838). Second best hit was smallRNA (count: 14)
Adapter sequence: 'AGATCGGAAGAGC' (Illumina TruSeq, Sanger iPCR; auto-detected)
Maximum trimming error rate: 0.1 (default)
Minimum required adapter overlap (stringency): 5 bp
Minimum required sequence length for both reads before a sequence pair gets removed: 20 bp
Removing Ns from the start and end of reads
Running FastQC on the data once trimming has completed
Output file will be GZIP compressed


This is cutadapt 3.5 with Python 3.10.6
Command line parameters: -j 7 -e 0.1 -q 20 -O 5 --trim-n -a AGATCGGAAGAGC /home/george_a/Documentos/Mtb_UAM_unizar/Analysis/Outputs/2_Reports/raw_fastqc/19_01_ADNmF1C2r_1.fastq.gz
Processing reads on 7 cores in single-end mode ...
Finished in 83.13 s (3 µs/read; 18.17 M reads/minute).

=== Summary ===

Total reads processed:              25,175,324
Reads with adapters:                 5,786,273 (23.0%)
Reads written (passing filters):    25,175,324 (100.0%)

Total basepairs processed: 3,801,473,924 bp
Quality-trimmed:               5,703,778 bp (0.2%)
Total written (filtered):  3,654,039,154 bp (96.1%)

=== Adapter 1 ===

Sequence: AGATCGGAAGAGC; Type: regular 3'; Length: 13; Trimmed: 5786273 times

Minimum overlap: 5
No. of allowed errors:
1-9 bp: 0; 10-13 bp: 1

Bases preceding removed adapters:
  A: 6.9%
  C: 42.6%
  G: 40.0%
  T: 10.5%
  none/other: 0.0%

Overview of removed sequences
length	count	expect	max.err	error counts
5	199431	24585.3	0	199431
6	198824	6146.3	0	198824
7	178195	1536.6	0	178195
8	202196	384.1	0	202196
9	170532	96.0	0	169284 1248
10	178242	24.0	1	173252 4990
11	178373	6.0	1	171321 7052
12	173604	1.5	1	167829 5775
13	177165	0.4	1	170821 6344
14	157680	0.4	1	150818 6862
15	164900	0.4	1	158823 6077
16	156815	0.4	1	150355 6460
17	160042	0.4	1	152398 7644
18	164807	0.4	1	159477 5330
19	126768	0.4	1	122578 4190
20	137613	0.4	1	132615 4998
21	139015	0.4	1	134113 4902
22	132685	0.4	1	128236 4449
23	143970	0.4	1	138996 4974
24	130545	0.4	1	124206 6339
25	129882	0.4	1	125064 4818
26	112897	0.4	1	109649 3248
27	115656	0.4	1	111662 3994
28	117320	0.4	1	113174 4146
29	117097	0.4	1	112143 4954
30	115181	0.4	1	111796 3385
31	102412	0.4	1	99485 2927
32	104120	0.4	1	100711 3409
33	99194	0.4	1	95787 3407
34	100043	0.4	1	96568 3475
35	99801	0.4	1	96233 3568
36	86784	0.4	1	83948 2836
37	91534	0.4	1	88015 3519
38	82285	0.4	1	80133 2152
39	68866	0.4	1	65711 3155
40	73986	0.4	1	71187 2799
41	67921	0.4	1	64937 2984
42	61357	0.4	1	59465 1892
43	69418	0.4	1	66279 3139
44	55282	0.4	1	52840 2442
45	115438	0.4	1	112374 3064
46	20733	0.4	1	19750 983
47	16110	0.4	1	15372 738
48	75622	0.4	1	73546 2076
49	37884	0.4	1	36732 1152
50	17325	0.4	1	16535 790
51	47243	0.4	1	45653 1590
52	34915	0.4	1	33872 1043
53	17658	0.4	1	17095 563
54	28118	0.4	1	27088 1030
55	58986	0.4	1	57693 1293
56	21808	0.4	1	21025 783
57	18172	0.4	1	17695 477
58	12505	0.4	1	12125 380
59	19561	0.4	1	18990 571
60	2912	0.4	1	2769 143
61	3722	0.4	1	3527 195
62	23374	0.4	1	22810 564
63	5514	0.4	1	5349 165
64	3426	0.4	1	3301 125
65	5011	0.4	1	4806 205
66	15987	0.4	1	15615 372
67	1622	0.4	1	1529 93
68	4119	0.4	1	3961 158
69	2293	0.4	1	2199 94
70	1088	0.4	1	1004 84
71	592	0.4	1	532 60
72	1499	0.4	1	1442 57
73	2632	0.4	1	2554 78
74	2827	0.4	1	2718 109
75	2381	0.4	1	2284 97
76	2221	0.4	1	2152 69
77	1878	0.4	1	1787 91
78	1792	0.4	1	1705 87
79	1401	0.4	1	1335 66
80	1283	0.4	1	1227 56
81	1269	0.4	1	1220 49
82	1119	0.4	1	1050 69
83	926	0.4	1	880 46
84	742	0.4	1	694 48
85	618	0.4	1	588 30
86	647	0.4	1	601 46
87	590	0.4	1	513 77
88	523	0.4	1	431 92
89	498	0.4	1	427 71
90	433	0.4	1	374 59
91	344	0.4	1	305 39
92	324	0.4	1	288 36
93	344	0.4	1	266 78
94	397	0.4	1	227 170
95	295	0.4	1	221 74
96	379	0.4	1	191 188
97	209	0.4	1	163 46
98	210	0.4	1	141 69
99	207	0.4	1	157 50
100	182	0.4	1	154 28
101	190	0.4	1	124 66
102	130	0.4	1	103 27
103	158	0.4	1	115 43
104	137	0.4	1	74 63
105	115	0.4	1	85 30
106	103	0.4	1	70 33
107	134	0.4	1	79 55
108	120	0.4	1	73 47
109	95	0.4	1	68 27
110	93	0.4	1	70 23
111	76	0.4	1	52 24
112	77	0.4	1	57 20
113	90	0.4	1	54 36
114	91	0.4	1	63 28
115	69	0.4	1	56 13
116	83	0.4	1	62 21
117	66	0.4	1	41 25
118	57	0.4	1	46 11
119	67	0.4	1	53 14
120	57	0.4	1	43 14
121	55	0.4	1	48 7
122	77	0.4	1	42 35
123	58	0.4	1	39 19
124	100	0.4	1	78 22
125	64	0.4	1	46 18
126	32	0.4	1	26 6
127	62	0.4	1	37 25
128	40	0.4	1	24 16
129	52	0.4	1	29 23
130	54	0.4	1	30 24
131	60	0.4	1	28 32
132	114	0.4	1	49 65
133	74	0.4	1	34 40
134	67	0.4	1	28 39
135	52	0.4	1	26 26
136	45	0.4	1	34 11
137	48	0.4	1	29 19
138	44	0.4	1	23 21
139	34	0.4	1	13 21
140	32	0.4	1	8 24
141	36	0.4	1	10 26
142	96	0.4	1	11 85
143	136	0.4	1	3 133
144	245	0.4	1	6 239
145	8	0.4	1	4 4
146	81	0.4	1	5 76
147	20	0.4	1	2 18
148	56	0.4	1	3 53
149	20	0.4	1	0 20
150	4	0.4	1	0 4
151	53	0.4	1	1 52

RUN STATISTICS FOR INPUT FILE: /home/george_a/Documentos/Mtb_UAM_unizar/Analysis/Outputs/2_Reports/raw_fastqc/19_01_ADNmF1C2r_1.fastq.gz
=============================================
25175324 sequences processed in total

