
SUMMARISING RUN PARAMETERS
==========================
Input filename: /home/george_a/Documentos/Mtb_UAM_unizar/Analysis/Outputs/2_Reports/raw_fastqc/18_03_ANmF1C8r_1.fastq.gz
Trimming mode: paired-end
Trim Galore version: 0.6.7
Cutadapt version: 3.5
Python version: 3.10.6
Number of cores used for trimming: 7
Quality Phred score cutoff: 20
Quality encoding type selected: ASCII+33
Using Illumina adapter for trimming (count: 333306). Second best hit was smallRNA (count: 7)
Adapter sequence: 'AGATCGGAAGAGC' (Illumina TruSeq, Sanger iPCR; auto-detected)
Maximum trimming error rate: 0.1 (default)
Minimum required adapter overlap (stringency): 5 bp
Minimum required sequence length for both reads before a sequence pair gets removed: 20 bp
Removing Ns from the start and end of reads
Running FastQC on the data once trimming has completed
Output file will be GZIP compressed


This is cutadapt 3.5 with Python 3.10.6
Command line parameters: -j 7 -e 0.1 -q 20 -O 5 --trim-n -a AGATCGGAAGAGC /home/george_a/Documentos/Mtb_UAM_unizar/Analysis/Outputs/2_Reports/raw_fastqc/18_03_ANmF1C8r_1.fastq.gz
Processing reads on 7 cores in single-end mode ...
Finished in 84.77 s (3 µs/read; 21.17 M reads/minute).

=== Summary ===

Total reads processed:              29,911,154
Reads with adapters:                12,608,912 (42.2%)
Reads written (passing filters):    29,911,154 (100.0%)

Total basepairs processed: 4,516,584,254 bp
Quality-trimmed:               5,241,180 bp (0.1%)
Total written (filtered):  4,139,137,617 bp (91.6%)

=== Adapter 1 ===

Sequence: AGATCGGAAGAGC; Type: regular 3'; Length: 13; Trimmed: 12608912 times

Minimum overlap: 5
No. of allowed errors:
1-9 bp: 0; 10-13 bp: 1

Bases preceding removed adapters:
  A: 8.7%
  C: 42.5%
  G: 41.2%
  T: 7.7%
  none/other: 0.0%

Overview of removed sequences
length	count	expect	max.err	error counts
5	264396	29210.1	0	264396
6	275825	7302.5	0	275825
7	250122	1825.6	0	250122
8	335510	456.4	0	335510
9	213040	114.1	0	212510 530
10	277033	28.5	1	270260 6773
11	277825	7.1	1	270173 7652
12	282856	1.8	1	275390 7466
13	339996	0.4	1	330516 9480
14	277190	0.4	1	269233 7957
15	288248	0.4	1	279502 8746
16	286736	0.4	1	278571 8165
17	283396	0.4	1	272082 11314
18	304465	0.4	1	296669 7796
19	230565	0.4	1	225192 5373
20	260847	0.4	1	253924 6923
21	261811	0.4	1	254945 6866
22	256731	0.4	1	249822 6909
23	314413	0.4	1	306482 7931
24	273703	0.4	1	264371 9332
25	262990	0.4	1	255954 7036
26	229883	0.4	1	224723 5160
27	248548	0.4	1	242117 6431
28	273142	0.4	1	265713 7429
29	273788	0.4	1	266073 7715
30	276964	0.4	1	270751 6213
31	243976	0.4	1	239210 4766
32	256189	0.4	1	250528 5661
33	253274	0.4	1	247370 5904
34	245929	0.4	1	240066 5863
35	229922	0.4	1	224875 5047
36	248422	0.4	1	242010 6412
37	225174	0.4	1	220595 4579
38	292822	0.4	1	286675 6147
39	204905	0.4	1	201226 3679
40	210827	0.4	1	206073 4754
41	239970	0.4	1	234101 5869
42	170947	0.4	1	167642 3305
43	190872	0.4	1	185734 5138
44	155086	0.4	1	151357 3729
45	181161	0.4	1	177997 3164
46	95899	0.4	1	94054 1845
47	116422	0.4	1	114188 2234
48	159733	0.4	1	156560 3173
49	143828	0.4	1	141226 2602
50	124336	0.4	1	121912 2424
51	160227	0.4	1	157040 3187
52	108412	0.4	1	106325 2087
53	77869	0.4	1	76580 1289
54	85629	0.4	1	83897 1732
55	146564	0.4	1	144050 2514
56	82078	0.4	1	80542 1536
57	90557	0.4	1	89183 1374
58	83079	0.4	1	81830 1249
59	71261	0.4	1	70205 1056
60	29015	0.4	1	28529 486
61	20640	0.4	1	20150 490
62	81340	0.4	1	80117 1223
63	41206	0.4	1	40563 643
64	28357	0.4	1	27941 416
65	23361	0.4	1	22892 469
66	64631	0.4	1	63728 903
67	23260	0.4	1	22799 461
68	40114	0.4	1	39579 535
69	16949	0.4	1	16686 263
70	6142	0.4	1	5992 150
71	4676	0.4	1	4581 95
72	8965	0.4	1	8801 164
73	14868	0.4	1	14655 213
74	16283	0.4	1	16027 256
75	12063	0.4	1	11850 213
76	12420	0.4	1	12232 188
77	10881	0.4	1	10671 210
78	10592	0.4	1	10376 216
79	10467	0.4	1	10294 173
80	7931	0.4	1	7746 185
81	7996	0.4	1	7859 137
82	7595	0.4	1	7460 135
83	6281	0.4	1	6172 109
84	5481	0.4	1	5391 90
85	3991	0.4	1	3898 93
86	4532	0.4	1	4445 87
87	4631	0.4	1	4536 95
88	4380	0.4	1	4255 125
89	5730	0.4	1	5616 114
90	4030	0.4	1	3913 117
91	3851	0.4	1	3761 90
92	3233	0.4	1	3143 90
93	2924	0.4	1	2805 119
94	3317	0.4	1	3251 66
95	3105	0.4	1	3010 95
96	2709	0.4	1	2502 207
97	3236	0.4	1	3171 65
98	2176	0.4	1	2027 149
99	2074	0.4	1	1988 86
100	1617	0.4	1	1581 36
101	2025	0.4	1	1899 126
102	1528	0.4	1	1486 42
103	1672	0.4	1	1581 91
104	1694	0.4	1	1646 48
105	1749	0.4	1	1698 51
106	1421	0.4	1	1380 41
107	1862	0.4	1	1820 42
108	1194	0.4	1	1163 31
109	918	0.4	1	896 22
110	856	0.4	1	817 39
111	843	0.4	1	813 30
112	757	0.4	1	727 30
113	697	0.4	1	666 31
114	842	0.4	1	826 16
115	686	0.4	1	663 23
116	658	0.4	1	634 24
117	842	0.4	1	813 29
118	546	0.4	1	524 22
119	441	0.4	1	421 20
120	499	0.4	1	483 16
121	393	0.4	1	379 14
122	368	0.4	1	334 34
123	326	0.4	1	283 43
124	342	0.4	1	333 9
125	274	0.4	1	263 11
126	214	0.4	1	200 14
127	285	0.4	1	258 27
128	192	0.4	1	175 17
129	193	0.4	1	178 15
130	195	0.4	1	169 26
131	161	0.4	1	102 59
132	201	0.4	1	118 83
133	176	0.4	1	110 66
134	144	0.4	1	87 57
135	97	0.4	1	67 30
136	101	0.4	1	85 16
137	84	0.4	1	58 26
138	84	0.4	1	54 30
139	62	0.4	1	40 22
140	43	0.4	1	28 15
141	33	0.4	1	21 12
142	55	0.4	1	14 41
143	78	0.4	1	12 66
144	261	0.4	1	8 253
145	19	0.4	1	3 16
146	88	0.4	1	2 86
147	25	0.4	1	2 23
148	117	0.4	1	2 115
149	37	0.4	1	0 37
150	24	0.4	1	1 23
151	67	0.4	1	3 64

RUN STATISTICS FOR INPUT FILE: /home/george_a/Documentos/Mtb_UAM_unizar/Analysis/Outputs/2_Reports/raw_fastqc/18_03_ANmF1C8r_1.fastq.gz
=============================================
29911154 sequences processed in total

