
SUMMARISING RUN PARAMETERS
==========================
Input filename: /home/george_a/Documentos/Mtb_UAM_unizar/Analysis/Outputs/2_Reports/raw_fastqc/03_12_ANmF2C14_1.fastq.gz
Trimming mode: paired-end
Trim Galore version: 0.6.7
Cutadapt version: 3.5
Python version: 3.10.6
Number of cores used for trimming: 7
Quality Phred score cutoff: 20
Quality encoding type selected: ASCII+33
Using Illumina adapter for trimming (count: 224967). Second best hit was smallRNA (count: 14)
Adapter sequence: 'AGATCGGAAGAGC' (Illumina TruSeq, Sanger iPCR; auto-detected)
Maximum trimming error rate: 0.1 (default)
Minimum required adapter overlap (stringency): 5 bp
Minimum required sequence length for both reads before a sequence pair gets removed: 20 bp
Removing Ns from the start and end of reads
Running FastQC on the data once trimming has completed
Output file will be GZIP compressed


This is cutadapt 3.5 with Python 3.10.6
Command line parameters: -j 7 -e 0.1 -q 20 -O 5 --trim-n -a AGATCGGAAGAGC /home/george_a/Documentos/Mtb_UAM_unizar/Analysis/Outputs/2_Reports/raw_fastqc/03_12_ANmF2C14_1.fastq.gz
Processing reads on 7 cores in single-end mode ...
Finished in 71.73 s (3 µs/read; 18.72 M reads/minute).

=== Summary ===

Total reads processed:              22,379,740
Reads with adapters:                 6,515,828 (29.1%)
Reads written (passing filters):    22,379,740 (100.0%)

Total basepairs processed: 3,379,340,740 bp
Quality-trimmed:               2,455,043 bp (0.1%)
Total written (filtered):  3,200,077,976 bp (94.7%)

=== Adapter 1 ===

Sequence: AGATCGGAAGAGC; Type: regular 3'; Length: 13; Trimmed: 6515828 times

Minimum overlap: 5
No. of allowed errors:
1-9 bp: 0; 10-13 bp: 1

Bases preceding removed adapters:
  A: 11.6%
  C: 38.2%
  G: 39.7%
  T: 10.4%
  none/other: 0.0%

Overview of removed sequences
length	count	expect	max.err	error counts
5	196993	21855.2	0	196993
6	191078	5463.8	0	191078
7	166192	1366.0	0	166192
8	182754	341.5	0	182754
9	157838	85.4	0	157132 706
10	162605	21.3	1	159208 3397
11	164704	5.3	1	159788 4916
12	159798	1.3	1	155798 4000
13	165912	0.3	1	161433 4479
14	146967	0.3	1	142712 4255
15	154124	0.3	1	149885 4239
16	147759	0.3	1	143394 4365
17	152635	0.3	1	147561 5074
18	162305	0.3	1	158308 3997
19	135352	0.3	1	132139 3213
20	145721	0.3	1	141911 3810
21	145672	0.3	1	141930 3742
22	152038	0.3	1	148233 3805
23	153659	0.3	1	149728 3931
24	144821	0.3	1	140399 4422
25	147167	0.3	1	143288 3879
26	140884	0.3	1	137513 3371
27	133144	0.3	1	129721 3423
28	136883	0.3	1	133245 3638
29	147005	0.3	1	142793 4212
30	133300	0.3	1	130169 3131
31	138611	0.3	1	135308 3303
32	131771	0.3	1	128728 3043
33	132284	0.3	1	128807 3477
34	129462	0.3	1	125983 3479
35	120502	0.3	1	117708 2794
36	122831	0.3	1	119906 2925
37	113501	0.3	1	110510 2991
38	111688	0.3	1	108936 2752
39	89611	0.3	1	86945 2666
40	89611	0.3	1	87040 2571
41	84681	0.3	1	82592 2089
42	90577	0.3	1	87848 2729
43	88174	0.3	1	85893 2281
44	64857	0.3	1	62925 1932
45	124472	0.3	1	122464 2008
46	16424	0.3	1	15233 1191
47	59349	0.3	1	58001 1348
48	79195	0.3	1	77265 1930
49	65812	0.3	1	64385 1427
50	48489	0.3	1	47136 1353
51	56379	0.3	1	55018 1361
52	49441	0.3	1	48369 1072
53	39459	0.3	1	38555 904
54	41872	0.3	1	40754 1118
55	53099	0.3	1	51984 1115
56	36246	0.3	1	35369 877
57	36097	0.3	1	35250 847
58	35457	0.3	1	34705 752
59	31026	0.3	1	30363 663
60	15796	0.3	1	15408 388
61	12305	0.3	1	11874 431
62	30988	0.3	1	30475 513
63	16448	0.3	1	16041 407
64	13261	0.3	1	12949 312
65	9977	0.3	1	9643 334
66	23949	0.3	1	23530 419
67	9943	0.3	1	9661 282
68	13481	0.3	1	13221 260
69	7260	0.3	1	7113 147
70	3739	0.3	1	3627 112
71	1011	0.3	1	957 54
72	2262	0.3	1	2189 73
73	4424	0.3	1	4315 109
74	4606	0.3	1	4515 91
75	4012	0.3	1	3918 94
76	3526	0.3	1	3445 81
77	3102	0.3	1	3022 80
78	2859	0.3	1	2774 85
79	2216	0.3	1	2155 61
80	2188	0.3	1	2113 75
81	1844	0.3	1	1736 108
82	1605	0.3	1	1534 71
83	1317	0.3	1	1263 54
84	1129	0.3	1	1083 46
85	983	0.3	1	956 27
86	948	0.3	1	848 100
87	911	0.3	1	793 118
88	971	0.3	1	806 165
89	896	0.3	1	732 164
90	758	0.3	1	689 69
91	602	0.3	1	548 54
92	512	0.3	1	477 35
93	519	0.3	1	434 85
94	500	0.3	1	447 53
95	432	0.3	1	377 55
96	452	0.3	1	356 96
97	333	0.3	1	304 29
98	308	0.3	1	253 55
99	275	0.3	1	234 41
100	211	0.3	1	194 17
101	274	0.3	1	210 64
102	178	0.3	1	164 14
103	171	0.3	1	140 31
104	192	0.3	1	161 31
105	149	0.3	1	131 18
106	139	0.3	1	115 24
107	140	0.3	1	120 20
108	113	0.3	1	102 11
109	131	0.3	1	123 8
110	149	0.3	1	142 7
111	142	0.3	1	128 14
112	102	0.3	1	93 9
113	100	0.3	1	82 18
114	103	0.3	1	90 13
115	80	0.3	1	71 9
116	79	0.3	1	68 11
117	80	0.3	1	61 19
118	62	0.3	1	51 11
119	63	0.3	1	55 8
120	56	0.3	1	45 11
121	60	0.3	1	46 14
122	69	0.3	1	54 15
123	42	0.3	1	35 7
124	44	0.3	1	31 13
125	46	0.3	1	33 13
126	59	0.3	1	44 15
127	38	0.3	1	26 12
128	58	0.3	1	28 30
129	49	0.3	1	14 35
130	94	0.3	1	27 67
131	108	0.3	1	18 90
132	146	0.3	1	33 113
133	83	0.3	1	22 61
134	58	0.3	1	23 35
135	43	0.3	1	17 26
136	38	0.3	1	26 12
137	55	0.3	1	30 25
138	43	0.3	1	24 19
139	43	0.3	1	8 35
140	60	0.3	1	12 48
141	70	0.3	1	5 65
142	202	0.3	1	6 196
143	268	0.3	1	4 264
144	287	0.3	1	3 284
145	32	0.3	1	0 32
146	29	0.3	1	2 27
147	18	0.3	1	4 14
148	21	0.3	1	1 20
149	6	0.3	1	0 6
150	3	0.3	1	0 3
151	6	0.3	1	0 6

RUN STATISTICS FOR INPUT FILE: /home/george_a/Documentos/Mtb_UAM_unizar/Analysis/Outputs/2_Reports/raw_fastqc/03_12_ANmF2C14_1.fastq.gz
=============================================
22379740 sequences processed in total

