
SUMMARISING RUN PARAMETERS
==========================
Input filename: /home/george_a/Documentos/Mtb_UAM_unizar/Analysis/Outputs/2_Reports/raw_fastqc/11_10_AN_F1C7_1.fastq.gz
Trimming mode: paired-end
Trim Galore version: 0.6.7
Cutadapt version: 3.5
Python version: 3.10.6
Number of cores used for trimming: 7
Quality Phred score cutoff: 20
Quality encoding type selected: ASCII+33
Using Illumina adapter for trimming (count: 103375). Second best hit was smallRNA (count: 33)
Adapter sequence: 'AGATCGGAAGAGC' (Illumina TruSeq, Sanger iPCR; auto-detected)
Maximum trimming error rate: 0.1 (default)
Minimum required adapter overlap (stringency): 5 bp
Minimum required sequence length for both reads before a sequence pair gets removed: 20 bp
Removing Ns from the start and end of reads
Running FastQC on the data once trimming has completed
Output file will be GZIP compressed


This is cutadapt 3.5 with Python 3.10.6
Command line parameters: -j 7 -e 0.1 -q 20 -O 5 --trim-n -a AGATCGGAAGAGC /home/george_a/Documentos/Mtb_UAM_unizar/Analysis/Outputs/2_Reports/raw_fastqc/11_10_AN_F1C7_1.fastq.gz
Processing reads on 7 cores in single-end mode ...
Finished in 102.77 s (3 µs/read; 17.38 M reads/minute).

=== Summary ===

Total reads processed:              29,774,152
Reads with adapters:                 4,309,130 (14.5%)
Reads written (passing filters):    29,774,152 (100.0%)

Total basepairs processed: 4,495,896,952 bp
Quality-trimmed:               6,061,110 bp (0.1%)
Total written (filtered):  4,385,357,394 bp (97.5%)

=== Adapter 1 ===

Sequence: AGATCGGAAGAGC; Type: regular 3'; Length: 13; Trimmed: 4309130 times

Minimum overlap: 5
No. of allowed errors:
1-9 bp: 0; 10-13 bp: 1

Bases preceding removed adapters:
  A: 7.5%
  C: 38.7%
  G: 45.0%
  T: 8.8%
  none/other: 0.0%

Overview of removed sequences
length	count	expect	max.err	error counts
5	168881	29076.3	0	168881
6	157651	7269.1	0	157651
7	137455	1817.3	0	137455
8	152307	454.3	0	152307
9	135526	113.6	0	135000 526
10	130576	28.4	1	127874 2702
11	137277	7.1	1	132435 4842
12	131413	1.8	1	128340 3073
13	135865	0.4	1	132327 3538
14	122423	0.4	1	118584 3839
15	120379	0.4	1	116954 3425
16	117880	0.4	1	114158 3722
17	121489	0.4	1	116770 4719
18	120682	0.4	1	117992 2690
19	91119	0.4	1	88883 2236
20	104788	0.4	1	101945 2843
21	103965	0.4	1	101354 2611
22	93226	0.4	1	91255 1971
23	108875	0.4	1	105985 2890
24	96862	0.4	1	93076 3786
25	94323	0.4	1	91779 2544
26	78736	0.4	1	77010 1726
27	84870	0.4	1	82678 2192
28	83536	0.4	1	81234 2302
29	84247	0.4	1	81329 2918
30	83438	0.4	1	81666 1772
31	69178	0.4	1	67603 1575
32	74407	0.4	1	72666 1741
33	71651	0.4	1	69475 2176
34	69710	0.4	1	67716 1994
35	70952	0.4	1	68570 2382
36	67667	0.4	1	66314 1353
37	58933	0.4	1	57741 1192
38	55940	0.4	1	54324 1616
39	54327	0.4	1	53041 1286
40	51591	0.4	1	49887 1704
41	52771	0.4	1	51483 1288
42	45775	0.4	1	44312 1463
43	45364	0.4	1	43979 1385
44	41388	0.4	1	40109 1279
45	64251	0.4	1	63070 1181
46	10782	0.4	1	10292 490
47	29912	0.4	1	29161 751
48	68911	0.4	1	67495 1416
49	26515	0.4	1	25870 645
50	15124	0.4	1	14655 469
51	39737	0.4	1	38927 810
52	20145	0.4	1	19679 466
53	13519	0.4	1	13169 350
54	24518	0.4	1	23915 603
55	39051	0.4	1	38441 610
56	12903	0.4	1	12634 269
57	12564	0.4	1	12329 235
58	8875	0.4	1	8673 202
59	15998	0.4	1	15735 263
60	2210	0.4	1	2123 87
61	2964	0.4	1	2843 121
62	14542	0.4	1	14295 247
63	4028	0.4	1	3932 96
64	2553	0.4	1	2490 63
65	4373	0.4	1	4273 100
66	8703	0.4	1	8544 159
67	1934	0.4	1	1857 77
68	4235	0.4	1	4148 87
69	3051	0.4	1	2979 72
70	1954	0.4	1	1891 63
71	315	0.4	1	269 46
72	929	0.4	1	896 33
73	1912	0.4	1	1851 61
74	2104	0.4	1	2029 75
75	1781	0.4	1	1725 56
76	1753	0.4	1	1694 59
77	1454	0.4	1	1398 56
78	1466	0.4	1	1410 56
79	1273	0.4	1	1230 43
80	1094	0.4	1	1006 88
81	976	0.4	1	924 52
82	831	0.4	1	792 39
83	736	0.4	1	684 52
84	611	0.4	1	570 41
85	514	0.4	1	480 34
86	532	0.4	1	453 79
87	542	0.4	1	430 112
88	535	0.4	1	366 169
89	519	0.4	1	350 169
90	413	0.4	1	304 109
91	323	0.4	1	256 67
92	294	0.4	1	225 69
93	329	0.4	1	190 139
94	237	0.4	1	187 50
95	280	0.4	1	142 138
96	582	0.4	1	162 420
97	193	0.4	1	147 46
98	381	0.4	1	115 266
99	215	0.4	1	125 90
100	148	0.4	1	119 29
101	345	0.4	1	112 233
102	133	0.4	1	86 47
103	164	0.4	1	66 98
104	122	0.4	1	69 53
105	109	0.4	1	82 27
106	86	0.4	1	68 18
107	108	0.4	1	66 42
108	80	0.4	1	55 25
109	78	0.4	1	59 19
110	63	0.4	1	53 10
111	65	0.4	1	54 11
112	61	0.4	1	40 21
113	71	0.4	1	54 17
114	62	0.4	1	47 15
115	46	0.4	1	38 8
116	60	0.4	1	49 11
117	94	0.4	1	47 47
118	61	0.4	1	48 13
119	65	0.4	1	31 34
120	56	0.4	1	32 24
121	42	0.4	1	30 12
122	92	0.4	1	31 61
123	75	0.4	1	26 49
124	78	0.4	1	41 37
125	46	0.4	1	34 12
126	44	0.4	1	31 13
127	60	0.4	1	37 23
128	81	0.4	1	31 50
129	75	0.4	1	19 56
130	82	0.4	1	25 57
131	96	0.4	1	19 77
132	153	0.4	1	26 127
133	137	0.4	1	28 109
134	119	0.4	1	31 88
135	72	0.4	1	22 50
136	34	0.4	1	19 15
137	56	0.4	1	23 33
138	78	0.4	1	16 62
139	54	0.4	1	8 46
140	57	0.4	1	10 47
141	72	0.4	1	4 68
142	233	0.4	1	8 225
143	383	0.4	1	5 378
144	527	0.4	1	2 525
145	35	0.4	1	1 34
146	86	0.4	1	4 82
147	43	0.4	1	4 39
148	151	0.4	1	7 144
149	42	0.4	1	1 41
150	16	0.4	1	0 16
151	15	0.4	1	0 15

RUN STATISTICS FOR INPUT FILE: /home/george_a/Documentos/Mtb_UAM_unizar/Analysis/Outputs/2_Reports/raw_fastqc/11_10_AN_F1C7_1.fastq.gz
=============================================
29774152 sequences processed in total

