
SUMMARISING RUN PARAMETERS
==========================
Input filename: /home/george_a/Documentos/Mtb_UAM_unizar/Analysis/Outputs/2_Reports/raw_fastqc/19_4_MMmAN_F1C5_1.fastq.gz
Trimming mode: paired-end
Trim Galore version: 0.6.7
Cutadapt version: 3.5
Python version: 3.10.6
Number of cores used for trimming: 7
Quality Phred score cutoff: 20
Quality encoding type selected: ASCII+33
Using Illumina adapter for trimming (count: 208615). Second best hit was smallRNA (count: 20)
Adapter sequence: 'AGATCGGAAGAGC' (Illumina TruSeq, Sanger iPCR; auto-detected)
Maximum trimming error rate: 0.1 (default)
Minimum required adapter overlap (stringency): 5 bp
Minimum required sequence length for both reads before a sequence pair gets removed: 20 bp
Removing Ns from the start and end of reads
Running FastQC on the data once trimming has completed
Output file will be GZIP compressed


This is cutadapt 3.5 with Python 3.10.6
Command line parameters: -j 7 -e 0.1 -q 20 -O 5 --trim-n -a AGATCGGAAGAGC /home/george_a/Documentos/Mtb_UAM_unizar/Analysis/Outputs/2_Reports/raw_fastqc/19_4_MMmAN_F1C5_1.fastq.gz
Processing reads on 7 cores in single-end mode ...
Finished in 89.07 s (3 µs/read; 17.48 M reads/minute).

=== Summary ===

Total reads processed:              25,943,449
Reads with adapters:                 7,119,253 (27.4%)
Reads written (passing filters):    25,943,449 (100.0%)

Total basepairs processed: 3,917,460,799 bp
Quality-trimmed:               3,475,413 bp (0.1%)
Total written (filtered):  3,726,760,209 bp (95.1%)

=== Adapter 1 ===

Sequence: AGATCGGAAGAGC; Type: regular 3'; Length: 13; Trimmed: 7119253 times

Minimum overlap: 5
No. of allowed errors:
1-9 bp: 0; 10-13 bp: 1

Bases preceding removed adapters:
  A: 8.4%
  C: 33.4%
  G: 48.4%
  T: 9.7%
  none/other: 0.0%

Overview of removed sequences
length	count	expect	max.err	error counts
5	203873	25335.4	0	203873
6	204528	6333.8	0	204528
7	183405	1583.5	0	183405
8	206159	395.9	0	206159
9	178439	99.0	0	177902 537
10	184730	24.7	1	181311 3419
11	186262	6.2	1	181544 4718
12	187014	1.5	1	183286 3728
13	194400	0.4	1	190000 4400
14	170646	0.4	1	166791 3855
15	186743	0.4	1	182214 4529
16	167085	0.4	1	163235 3850
17	177673	0.4	1	172387 5286
18	193409	0.4	1	189627 3782
19	148627	0.4	1	146147 2480
20	169133	0.4	1	165380 3753
21	167534	0.4	1	164430 3104
22	162868	0.4	1	159736 3132
23	182248	0.4	1	178575 3673
24	161770	0.4	1	157642 4128
25	159919	0.4	1	156441 3478
26	144998	0.4	1	142558 2440
27	151744	0.4	1	148692 3052
28	151367	0.4	1	148151 3216
29	151803	0.4	1	148139 3664
30	153599	0.4	1	150936 2663
31	146886	0.4	1	144433 2453
32	149174	0.4	1	146480 2694
33	139999	0.4	1	137190 2809
34	139751	0.4	1	136704 3047
35	132630	0.4	1	130457 2173
36	130678	0.4	1	128584 2094
37	122411	0.4	1	119852 2559
38	118623	0.4	1	116601 2022
39	113794	0.4	1	111479 2315
40	107674	0.4	1	105309 2365
41	91913	0.4	1	90082 1831
42	99087	0.4	1	96657 2430
43	103234	0.4	1	100983 2251
44	59028	0.4	1	57869 1159
45	131652	0.4	1	129873 1779
46	17633	0.4	1	16983 650
47	61547	0.4	1	60492 1055
48	96568	0.4	1	94956 1612
49	67455	0.4	1	66450 1005
50	38963	0.4	1	38151 812
51	59361	0.4	1	58360 1001
52	50025	0.4	1	49276 749
53	37459	0.4	1	36913 546
54	38462	0.4	1	37745 717
55	60420	0.4	1	59579 841
56	28447	0.4	1	27977 470
57	31975	0.4	1	31545 430
58	31564	0.4	1	31180 384
59	25695	0.4	1	25344 351
60	11086	0.4	1	10933 153
61	7550	0.4	1	7365 185
62	30128	0.4	1	29765 363
63	13528	0.4	1	13316 212
64	9596	0.4	1	9467 129
65	7241	0.4	1	7094 147
66	22708	0.4	1	22456 252
67	5891	0.4	1	5792 99
68	7654	0.4	1	7551 103
69	3427	0.4	1	3368 59
70	1366	0.4	1	1317 49
71	705	0.4	1	664 41
72	1738	0.4	1	1677 61
73	3391	0.4	1	3342 49
74	3350	0.4	1	3291 59
75	2921	0.4	1	2872 49
76	2605	0.4	1	2554 51
77	2162	0.4	1	2122 40
78	2031	0.4	1	1981 50
79	1641	0.4	1	1602 39
80	1427	0.4	1	1374 53
81	1222	0.4	1	1175 47
82	1116	0.4	1	1079 37
83	846	0.4	1	812 34
84	737	0.4	1	723 14
85	611	0.4	1	580 31
86	647	0.4	1	559 88
87	620	0.4	1	531 89
88	693	0.4	1	491 202
89	656	0.4	1	496 160
90	416	0.4	1	353 63
91	348	0.4	1	321 27
92	280	0.4	1	251 29
93	305	0.4	1	247 58
94	286	0.4	1	241 45
95	329	0.4	1	234 95
96	393	0.4	1	199 194
97	246	0.4	1	222 24
98	278	0.4	1	172 106
99	214	0.4	1	139 75
100	163	0.4	1	128 35
101	314	0.4	1	124 190
102	128	0.4	1	111 17
103	180	0.4	1	94 86
104	150	0.4	1	113 37
105	111	0.4	1	100 11
106	101	0.4	1	84 17
107	139	0.4	1	101 38
108	76	0.4	1	61 15
109	79	0.4	1	68 11
110	67	0.4	1	61 6
111	59	0.4	1	55 4
112	53	0.4	1	45 8
113	51	0.4	1	44 7
114	57	0.4	1	46 11
115	49	0.4	1	45 4
116	52	0.4	1	48 4
117	70	0.4	1	43 27
118	38	0.4	1	31 7
119	49	0.4	1	33 16
120	55	0.4	1	39 16
121	52	0.4	1	43 9
122	92	0.4	1	25 67
123	58	0.4	1	26 32
124	39	0.4	1	29 10
125	30	0.4	1	21 9
126	12	0.4	1	12
127	26	0.4	1	19 7
128	29	0.4	1	7 22
129	62	0.4	1	13 49
130	52	0.4	1	12 40
131	180	0.4	1	8 172
132	175	0.4	1	8 167
133	103	0.4	1	8 95
134	85	0.4	1	9 76
135	53	0.4	1	5 48
136	14	0.4	1	7 7
137	19	0.4	1	3 16
138	48	0.4	1	1 47
139	44	0.4	1	2 42
140	202	0.4	1	1 201
141	79	0.4	1	0 79
142	320	0.4	1	2 318
143	362	0.4	1	0 362
144	427	0.4	1	0 427
145	22	0.4	1	2 20
146	44	0.4	1	1 43
147	17	0.4	1	0 17
148	66	0.4	1	2 64
149	11	0.4	1	0 11
150	5	0.4	1	0 5
151	11	0.4	1	0 11

RUN STATISTICS FOR INPUT FILE: /home/george_a/Documentos/Mtb_UAM_unizar/Analysis/Outputs/2_Reports/raw_fastqc/19_4_MMmAN_F1C5_1.fastq.gz
=============================================
25943449 sequences processed in total

