
SUMMARISING RUN PARAMETERS
==========================
Input filename: /home/george_a/Documentos/Mtb_UAM_unizar/Analysis/Outputs/2_Reports/raw_fastqc/19_4_MMmAN_F2C5_1.fastq.gz
Trimming mode: paired-end
Trim Galore version: 0.6.7
Cutadapt version: 3.5
Python version: 3.10.6
Number of cores used for trimming: 7
Quality Phred score cutoff: 20
Quality encoding type selected: ASCII+33
Using Illumina adapter for trimming (count: 206435). Second best hit was smallRNA (count: 22)
Adapter sequence: 'AGATCGGAAGAGC' (Illumina TruSeq, Sanger iPCR; auto-detected)
Maximum trimming error rate: 0.1 (default)
Minimum required adapter overlap (stringency): 5 bp
Minimum required sequence length for both reads before a sequence pair gets removed: 20 bp
Removing Ns from the start and end of reads
Running FastQC on the data once trimming has completed
Output file will be GZIP compressed


This is cutadapt 3.5 with Python 3.10.6
Command line parameters: -j 7 -e 0.1 -q 20 -O 5 --trim-n -a AGATCGGAAGAGC /home/george_a/Documentos/Mtb_UAM_unizar/Analysis/Outputs/2_Reports/raw_fastqc/19_4_MMmAN_F2C5_1.fastq.gz
Processing reads on 7 cores in single-end mode ...
Finished in 102.76 s (3 µs/read; 17.48 M reads/minute).

=== Summary ===

Total reads processed:              29,933,374
Reads with adapters:                 8,204,800 (27.4%)
Reads written (passing filters):    29,933,374 (100.0%)

Total basepairs processed: 4,519,939,474 bp
Quality-trimmed:               4,083,564 bp (0.1%)
Total written (filtered):  4,300,430,309 bp (95.1%)

=== Adapter 1 ===

Sequence: AGATCGGAAGAGC; Type: regular 3'; Length: 13; Trimmed: 8204800 times

Minimum overlap: 5
No. of allowed errors:
1-9 bp: 0; 10-13 bp: 1

Bases preceding removed adapters:
  A: 8.0%
  C: 31.9%
  G: 51.0%
  T: 9.2%
  none/other: 0.0%

Overview of removed sequences
length	count	expect	max.err	error counts
5	241505	29231.8	0	241505
6	242489	7308.0	0	242489
7	216727	1827.0	0	216727
8	247338	456.7	0	247338
9	207261	114.2	0	206749 512
10	220256	28.5	1	216041 4215
11	222507	7.1	1	216712 5795
12	220540	1.8	1	216450 4090
13	217524	0.4	1	212836 4688
14	206401	0.4	1	201210 5191
15	210233	0.4	1	205485 4748
16	201221	0.4	1	196377 4844
17	208530	0.4	1	202286 6244
18	218304	0.4	1	214078 4226
19	176049	0.4	1	173113 2936
20	195766	0.4	1	191762 4004
21	196178	0.4	1	192388 3790
22	187056	0.4	1	183725 3331
23	210637	0.4	1	206344 4293
24	182706	0.4	1	177916 4790
25	181325	0.4	1	177700 3625
26	164856	0.4	1	162427 2429
27	172091	0.4	1	168713 3378
28	174195	0.4	1	170709 3486
29	171134	0.4	1	167216 3918
30	176043	0.4	1	173216 2827
31	169934	0.4	1	167296 2638
32	171891	0.4	1	168916 2975
33	160279	0.4	1	157158 3121
34	159291	0.4	1	156409 2882
35	156203	0.4	1	153008 3195
36	143298	0.4	1	141324 1974
37	134927	0.4	1	132149 2778
38	136850	0.4	1	134866 1984
39	121668	0.4	1	118858 2810
40	109059	0.4	1	107346 1713
41	105839	0.4	1	104062 1777
42	101039	0.4	1	99120 1919
43	98213	0.4	1	96309 1904
44	90110	0.4	1	87976 2134
45	130997	0.4	1	129456 1541
46	31832	0.4	1	31080 752
47	64089	0.4	1	63212 877
48	86476	0.4	1	85040 1436
49	74639	0.4	1	73559 1080
50	60631	0.4	1	59698 933
51	67137	0.4	1	65996 1141
52	52462	0.4	1	51637 825
53	43862	0.4	1	43249 613
54	41649	0.4	1	40990 659
55	51052	0.4	1	50209 843
56	38460	0.4	1	37928 532
57	34658	0.4	1	34212 446
58	39866	0.4	1	39362 504
59	29474	0.4	1	29057 417
60	17219	0.4	1	17014 205
61	12902	0.4	1	12706 196
62	30521	0.4	1	30085 436
63	17756	0.4	1	17510 246
64	16064	0.4	1	15843 221
65	10060	0.4	1	9891 169
66	26379	0.4	1	26081 298
67	12880	0.4	1	12717 163
68	14053	0.4	1	13890 163
69	4666	0.4	1	4577 89
70	1686	0.4	1	1627 59
71	1419	0.4	1	1368 51
72	3112	0.4	1	3061 51
73	4975	0.4	1	4903 72
74	5029	0.4	1	4942 87
75	4161	0.4	1	4082 79
76	4186	0.4	1	4127 59
77	3761	0.4	1	3701 60
78	3214	0.4	1	3167 47
79	2874	0.4	1	2834 40
80	2480	0.4	1	2409 71
81	2169	0.4	1	2118 51
82	2032	0.4	1	1982 50
83	1625	0.4	1	1588 37
84	1435	0.4	1	1395 40
85	1225	0.4	1	1200 25
86	1224	0.4	1	1156 68
87	1403	0.4	1	1297 106
88	1362	0.4	1	1154 208
89	1387	0.4	1	1225 162
90	1045	0.4	1	962 83
91	995	0.4	1	949 46
92	754	0.4	1	714 40
93	756	0.4	1	684 72
94	812	0.4	1	743 69
95	881	0.4	1	792 89
96	869	0.4	1	639 230
97	643	0.4	1	611 32
98	635	0.4	1	499 136
99	578	0.4	1	523 55
100	427	0.4	1	400 27
101	639	0.4	1	425 214
102	379	0.4	1	353 26
103	424	0.4	1	351 73
104	422	0.4	1	385 37
105	413	0.4	1	397 16
106	328	0.4	1	313 15
107	394	0.4	1	358 36
108	224	0.4	1	207 17
109	233	0.4	1	215 18
110	212	0.4	1	197 15
111	199	0.4	1	194 5
112	159	0.4	1	147 12
113	176	0.4	1	159 17
114	188	0.4	1	172 16
115	178	0.4	1	167 11
116	124	0.4	1	122 2
117	169	0.4	1	155 14
118	129	0.4	1	116 13
119	123	0.4	1	109 14
120	97	0.4	1	92 5
121	66	0.4	1	56 10
122	108	0.4	1	79 29
123	74	0.4	1	48 26
124	56	0.4	1	48 8
125	58	0.4	1	56 2
126	43	0.4	1	28 15
127	60	0.4	1	42 18
128	56	0.4	1	30 26
129	63	0.4	1	25 38
130	66	0.4	1	14 52
131	181	0.4	1	26 155
132	164	0.4	1	16 148
133	139	0.4	1	18 121
134	118	0.4	1	8 110
135	66	0.4	1	11 55
136	16	0.4	1	4 12
137	34	0.4	1	8 26
138	42	0.4	1	4 38
139	49	0.4	1	2 47
140	169	0.4	1	3 166
141	88	0.4	1	1 87
142	283	0.4	1	4 279
143	417	0.4	1	2 415
144	529	0.4	1	1 528
145	30	0.4	1	2 28
146	63	0.4	1	0 63
147	22	0.4	1	1 21
148	80	0.4	1	2 78
149	9	0.4	1	0 9
150	11	0.4	1	0 11
151	19	0.4	1	0 19

RUN STATISTICS FOR INPUT FILE: /home/george_a/Documentos/Mtb_UAM_unizar/Analysis/Outputs/2_Reports/raw_fastqc/19_4_MMmAN_F2C5_1.fastq.gz
=============================================
29933374 sequences processed in total

