
SUMMARISING RUN PARAMETERS
==========================
Input filename: /home/george_a/Documentos/Mtb_UAM_unizar/Analysis/Outputs/2_Reports/raw_fastqc/6_1.fastq.gz
Trimming mode: paired-end
Trim Galore version: 0.6.7
Cutadapt version: 3.5
Python version: 3.10.6
Number of cores used for trimming: 7
Quality Phred score cutoff: 20
Quality encoding type selected: ASCII+33
Using Illumina adapter for trimming (count: 158809). Second best hit was smallRNA (count: 10)
Adapter sequence: 'AGATCGGAAGAGC' (Illumina TruSeq, Sanger iPCR; auto-detected)
Maximum trimming error rate: 0.1 (default)
Minimum required adapter overlap (stringency): 5 bp
Minimum required sequence length for both reads before a sequence pair gets removed: 20 bp
Removing Ns from the start and end of reads
Running FastQC on the data once trimming has completed
Output file will be GZIP compressed


This is cutadapt 3.5 with Python 3.10.6
Command line parameters: -j 7 -e 0.1 -q 20 -O 5 --trim-n -a AGATCGGAAGAGC /home/george_a/Documentos/Mtb_UAM_unizar/Analysis/Outputs/2_Reports/raw_fastqc/6_1.fastq.gz
Processing reads on 7 cores in single-end mode ...
Finished in 66.72 s (3 µs/read; 20.47 M reads/minute).

=== Summary ===

Total reads processed:              22,760,097
Reads with adapters:                 5,008,724 (22.0%)
Reads written (passing filters):    22,760,097 (100.0%)

Total basepairs processed: 3,436,774,647 bp
Quality-trimmed:               5,692,706 bp (0.2%)
Total written (filtered):  3,306,141,422 bp (96.2%)

=== Adapter 1 ===

Sequence: AGATCGGAAGAGC; Type: regular 3'; Length: 13; Trimmed: 5008724 times

Minimum overlap: 5
No. of allowed errors:
1-9 bp: 0; 10-13 bp: 1

Bases preceding removed adapters:
  A: 9.8%
  C: 46.5%
  G: 36.1%
  T: 7.7%
  none/other: 0.0%

Overview of removed sequences
length	count	expect	max.err	error counts
5	165029	22226.7	0	165029
6	163137	5556.7	0	163137
7	144827	1389.2	0	144827
8	169420	347.3	0	169420
9	149422	86.8	0	149019 403
10	143032	21.7	1	137307 5725
11	156143	5.4	1	147139 9004
12	146847	1.4	1	139735 7112
13	155508	0.3	1	148016 7492
14	132475	0.3	1	124537 7938
15	133086	0.3	1	126042 7044
16	125758	0.3	1	118696 7062
17	135949	0.3	1	126927 9022
18	135125	0.3	1	129366 5759
19	100071	0.3	1	95282 4789
20	111778	0.3	1	105870 5908
21	111435	0.3	1	106073 5362
22	118751	0.3	1	113158 5593
23	117813	0.3	1	111957 5856
24	124826	0.3	1	116629 8197
25	115935	0.3	1	110018 5917
26	100928	0.3	1	96510 4418
27	103697	0.3	1	98852 4845
28	99560	0.3	1	94866 4694
29	106300	0.3	1	100624 5676
30	99437	0.3	1	95634 3803
31	101128	0.3	1	97256 3872
32	93447	0.3	1	89634 3813
33	94913	0.3	1	90623 4290
34	92950	0.3	1	88154 4796
35	90212	0.3	1	86892 3320
36	89815	0.3	1	86025 3790
37	114261	0.3	1	109124 5137
38	55581	0.3	1	53141 2440
39	59941	0.3	1	57571 2370
40	57818	0.3	1	55062 2756
41	57662	0.3	1	55330 2332
42	58881	0.3	1	56313 2568
43	61560	0.3	1	58487 3073
44	44289	0.3	1	42353 1936
45	75724	0.3	1	73203 2521
46	10366	0.3	1	9689 677
47	31610	0.3	1	30368 1242
48	80417	0.3	1	77462 2955
49	39928	0.3	1	38403 1525
50	11801	0.3	1	11111 690
51	43095	0.3	1	41300 1795
52	31996	0.3	1	30871 1125
53	13272	0.3	1	12674 598
54	24424	0.3	1	23321 1103
55	51203	0.3	1	49585 1618
56	19606	0.3	1	18793 813
57	13378	0.3	1	12893 485
58	11459	0.3	1	11004 455
59	17052	0.3	1	16409 643
60	2817	0.3	1	2669 148
61	4907	0.3	1	4685 222
62	21305	0.3	1	20702 603
63	4331	0.3	1	4165 166
64	3256	0.3	1	3139 117
65	4340	0.3	1	4156 184
66	14268	0.3	1	13839 429
67	1540	0.3	1	1472 68
68	3433	0.3	1	3322 111
69	1596	0.3	1	1533 63
70	697	0.3	1	646 51
71	490	0.3	1	462 28
72	1418	0.3	1	1362 56
73	2382	0.3	1	2298 84
74	2742	0.3	1	2646 96
75	2379	0.3	1	2280 99
76	2150	0.3	1	2086 64
77	1984	0.3	1	1879 105
78	1906	0.3	1	1822 84
79	1608	0.3	1	1526 82
80	1648	0.3	1	1590 58
81	1487	0.3	1	1421 66
82	1221	0.3	1	1165 56
83	996	0.3	1	957 39
84	832	0.3	1	801 31
85	627	0.3	1	591 36
86	585	0.3	1	559 26
87	486	0.3	1	449 37
88	499	0.3	1	447 52
89	557	0.3	1	504 53
90	473	0.3	1	443 30
91	423	0.3	1	391 32
92	372	0.3	1	344 28
93	334	0.3	1	306 28
94	289	0.3	1	251 38
95	327	0.3	1	297 30
96	292	0.3	1	205 87
97	228	0.3	1	206 22
98	213	0.3	1	162 51
99	182	0.3	1	165 17
100	151	0.3	1	134 17
101	209	0.3	1	160 49
102	126	0.3	1	109 17
103	110	0.3	1	86 24
104	107	0.3	1	91 16
105	113	0.3	1	86 27
106	88	0.3	1	67 21
107	106	0.3	1	73 33
108	95	0.3	1	69 26
109	68	0.3	1	59 9
110	64	0.3	1	48 16
111	77	0.3	1	68 9
112	43	0.3	1	41 2
113	62	0.3	1	53 9
114	54	0.3	1	49 5
115	53	0.3	1	47 6
116	54	0.3	1	47 7
117	38	0.3	1	28 10
118	37	0.3	1	33 4
119	63	0.3	1	51 12
120	43	0.3	1	34 9
121	27	0.3	1	20 7
122	48	0.3	1	29 19
123	33	0.3	1	24 9
124	43	0.3	1	33 10
125	42	0.3	1	36 6
126	32	0.3	1	26 6
127	29	0.3	1	20 9
128	28	0.3	1	19 9
129	36	0.3	1	16 20
130	37	0.3	1	23 14
131	23	0.3	1	15 8
132	66	0.3	1	22 44
133	69	0.3	1	37 32
134	31	0.3	1	15 16
135	22	0.3	1	13 9
136	28	0.3	1	18 10
137	33	0.3	1	26 7
138	27	0.3	1	17 10
139	22	0.3	1	11 11
140	17	0.3	1	3 14
141	12	0.3	1	3 9
142	54	0.3	1	6 48
143	100	0.3	1	4 96
144	191	0.3	1	2 189
145	24	0.3	1	2 22
146	32	0.3	1	1 31
147	8	0.3	1	0 8
148	24	0.3	1	1 23
149	7	0.3	1	0 7
151	120	0.3	1	0 120

RUN STATISTICS FOR INPUT FILE: /home/george_a/Documentos/Mtb_UAM_unizar/Analysis/Outputs/2_Reports/raw_fastqc/6_1.fastq.gz
=============================================
22760097 sequences processed in total

