
SUMMARISING RUN PARAMETERS
==========================
Input filename: /home/george_a/Documentos/Mtb_UAM_unizar/Analysis/Outputs/2_Reports/raw_fastqc/ANLCFAmF2C12R_1.fastq.gz
Trimming mode: paired-end
Trim Galore version: 0.6.7
Cutadapt version: 3.5
Python version: 3.10.6
Number of cores used for trimming: 7
Quality Phred score cutoff: 20
Quality encoding type selected: ASCII+33
Using Illumina adapter for trimming (count: 170556). Second best hit was smallRNA (count: 6)
Adapter sequence: 'AGATCGGAAGAGC' (Illumina TruSeq, Sanger iPCR; auto-detected)
Maximum trimming error rate: 0.1 (default)
Minimum required adapter overlap (stringency): 5 bp
Minimum required sequence length for both reads before a sequence pair gets removed: 20 bp
Removing Ns from the start and end of reads
Running FastQC on the data once trimming has completed
Output file will be GZIP compressed


This is cutadapt 3.5 with Python 3.10.6
Command line parameters: -j 7 -e 0.1 -q 20 -O 5 --trim-n -a AGATCGGAAGAGC /home/george_a/Documentos/Mtb_UAM_unizar/Analysis/Outputs/2_Reports/raw_fastqc/ANLCFAmF2C12R_1.fastq.gz
Processing reads on 7 cores in single-end mode ...
Finished in 69.11 s (3 µs/read; 20.98 M reads/minute).

=== Summary ===

Total reads processed:              24,163,661
Reads with adapters:                 5,670,466 (23.5%)
Reads written (passing filters):    24,163,661 (100.0%)

Total basepairs processed: 3,648,712,811 bp
Quality-trimmed:               5,452,566 bp (0.1%)
Total written (filtered):  3,496,101,925 bp (95.8%)

=== Adapter 1 ===

Sequence: AGATCGGAAGAGC; Type: regular 3'; Length: 13; Trimmed: 5670466 times

Minimum overlap: 5
No. of allowed errors:
1-9 bp: 0; 10-13 bp: 1

Bases preceding removed adapters:
  A: 9.9%
  C: 43.9%
  G: 35.4%
  T: 10.7%
  none/other: 0.0%

Overview of removed sequences
length	count	expect	max.err	error counts
5	167945	23597.3	0	167945
6	173736	5899.3	0	173736
7	155269	1474.8	0	155269
8	176367	368.7	0	176367
9	154197	92.2	0	152597 1600
10	150505	23.0	1	144234 6271
11	160887	5.8	1	151504 9383
12	161169	1.4	1	153343 7826
13	171530	0.4	1	162768 8762
14	147723	0.4	1	139012 8711
15	152065	0.4	1	143917 8148
16	139116	0.4	1	131127 7989
17	149599	0.4	1	139468 10131
18	153458	0.4	1	146332 7126
19	114539	0.4	1	108710 5829
20	129518	0.4	1	122016 7502
21	135003	0.4	1	127874 7129
22	136608	0.4	1	129411 7197
23	140001	0.4	1	132938 7063
24	128957	0.4	1	120387 8570
25	125542	0.4	1	119165 6377
26	110392	0.4	1	105144 5248
27	116125	0.4	1	109930 6195
28	116444	0.4	1	110591 5853
29	120785	0.4	1	113752 7033
30	110819	0.4	1	105624 5195
31	104915	0.4	1	99807 5108
32	114738	0.4	1	109264 5474
33	117174	0.4	1	111031 6143
34	104754	0.4	1	99088 5666
35	95724	0.4	1	91146 4578
36	94518	0.4	1	90262 4256
37	91878	0.4	1	87343 4535
38	87105	0.4	1	82793 4312
39	81288	0.4	1	76598 4690
40	63506	0.4	1	60181 3325
41	69710	0.4	1	66307 3403
42	70610	0.4	1	67219 3391
43	64632	0.4	1	60994 3638
44	61105	0.4	1	57492 3613
45	90869	0.4	1	87675 3194
46	13959	0.4	1	12638 1321
47	39185	0.4	1	37392 1793
48	56794	0.4	1	54199 2595
49	53109	0.4	1	50647 2462
50	39231	0.4	1	37238 1993
51	48274	0.4	1	45874 2400
52	37255	0.4	1	35492 1763
53	30475	0.4	1	29007 1468
54	31741	0.4	1	29926 1815
55	40954	0.4	1	39145 1809
56	28712	0.4	1	27212 1500
57	28253	0.4	1	27010 1243
58	28230	0.4	1	27086 1144
59	22794	0.4	1	21723 1071
60	11665	0.4	1	11150 515
61	10412	0.4	1	9777 635
62	24778	0.4	1	23818 960
63	12942	0.4	1	12371 571
64	10811	0.4	1	10362 449
65	7145	0.4	1	6656 489
66	19735	0.4	1	19017 718
67	8279	0.4	1	7879 400
68	9583	0.4	1	9230 353
69	3474	0.4	1	3283 191
70	1362	0.4	1	1266 96
71	1090	0.4	1	980 110
72	2308	0.4	1	2172 136
73	3537	0.4	1	3371 166
74	3571	0.4	1	3403 168
75	3132	0.4	1	2982 150
76	2827	0.4	1	2710 117
77	2276	0.4	1	2145 131
78	2149	0.4	1	2027 122
79	1884	0.4	1	1734 150
80	1911	0.4	1	1775 136
81	1595	0.4	1	1498 97
82	1421	0.4	1	1334 87
83	1077	0.4	1	1011 66
84	961	0.4	1	909 52
85	793	0.4	1	743 50
86	704	0.4	1	642 62
87	711	0.4	1	607 104
88	659	0.4	1	507 152
89	652	0.4	1	516 136
90	476	0.4	1	419 57
91	473	0.4	1	416 57
92	355	0.4	1	315 40
93	317	0.4	1	264 53
94	369	0.4	1	250 119
95	344	0.4	1	221 123
96	424	0.4	1	204 220
97	266	0.4	1	219 47
98	244	0.4	1	149 95
99	182	0.4	1	127 55
100	137	0.4	1	117 20
101	157	0.4	1	109 48
102	126	0.4	1	104 22
103	119	0.4	1	84 35
104	169	0.4	1	82 87
105	118	0.4	1	89 29
106	104	0.4	1	62 42
107	101	0.4	1	53 48
108	95	0.4	1	65 30
109	56	0.4	1	40 16
110	81	0.4	1	53 28
111	41	0.4	1	29 12
112	52	0.4	1	39 13
113	59	0.4	1	39 20
114	47	0.4	1	40 7
115	44	0.4	1	29 15
116	38	0.4	1	32 6
117	135	0.4	1	17 118
118	43	0.4	1	17 26
119	87	0.4	1	19 68
120	22	0.4	1	13 9
121	22	0.4	1	8 14
122	82	0.4	1	16 66
123	39	0.4	1	16 23
124	58	0.4	1	13 45
125	27	0.4	1	10 17
126	33	0.4	1	10 23
127	43	0.4	1	19 24
128	69	0.4	1	11 58
129	73	0.4	1	12 61
130	46	0.4	1	9 37
131	108	0.4	1	13 95
132	110	0.4	1	7 103
133	98	0.4	1	8 90
134	50	0.4	1	6 44
135	50	0.4	1	3 47
136	27	0.4	1	7 20
137	43	0.4	1	9 34
138	68	0.4	1	4 64
139	51	0.4	1	0 51
140	63	0.4	1	5 58
141	53	0.4	1	0 53
142	113	0.4	1	4 109
143	151	0.4	1	1 150
144	236	0.4	1	0 236
145	23	0.4	1	3 20
146	42	0.4	1	1 41
147	17	0.4	1	0 17
148	34	0.4	1	0 34
149	7	0.4	1	0 7
150	8	0.4	1	0 8
151	106	0.4	1	0 106

RUN STATISTICS FOR INPUT FILE: /home/george_a/Documentos/Mtb_UAM_unizar/Analysis/Outputs/2_Reports/raw_fastqc/ANLCFAmF2C12R_1.fastq.gz
=============================================
24163661 sequences processed in total

