
SUMMARISING RUN PARAMETERS
==========================
Input filename: /home/george_a/Documentos/Mtb_UAM_unizar/Analysis/Outputs/2_Reports/raw_fastqc/3_1.fastq.gz
Trimming mode: paired-end
Trim Galore version: 0.6.7
Cutadapt version: 3.5
Python version: 3.10.6
Number of cores used for trimming: 7
Quality Phred score cutoff: 20
Quality encoding type selected: ASCII+33
Using Illumina adapter for trimming (count: 148680). Second best hit was smallRNA (count: 59)
Adapter sequence: 'AGATCGGAAGAGC' (Illumina TruSeq, Sanger iPCR; auto-detected)
Maximum trimming error rate: 0.1 (default)
Minimum required adapter overlap (stringency): 5 bp
Minimum required sequence length for both reads before a sequence pair gets removed: 20 bp
Removing Ns from the start and end of reads
Running FastQC on the data once trimming has completed
Output file will be GZIP compressed


This is cutadapt 3.5 with Python 3.10.6
Command line parameters: -j 7 -e 0.1 -q 20 -O 5 --trim-n -a AGATCGGAAGAGC /home/george_a/Documentos/Mtb_UAM_unizar/Analysis/Outputs/2_Reports/raw_fastqc/3_1.fastq.gz
Processing reads on 7 cores in single-end mode ...
Finished in 106.40 s (4 µs/read; 16.82 M reads/minute).

=== Summary ===

Total reads processed:              29,835,619
Reads with adapters:                 6,076,709 (20.4%)
Reads written (passing filters):    29,835,619 (100.0%)

Total basepairs processed: 4,505,178,469 bp
Quality-trimmed:              11,980,993 bp (0.3%)
Total written (filtered):  4,340,696,736 bp (96.3%)

=== Adapter 1 ===

Sequence: AGATCGGAAGAGC; Type: regular 3'; Length: 13; Trimmed: 6076709 times

Minimum overlap: 5
No. of allowed errors:
1-9 bp: 0; 10-13 bp: 1

Bases preceding removed adapters:
  A: 9.7%
  C: 38.9%
  G: 43.6%
  T: 7.8%
  none/other: 0.0%

Overview of removed sequences
length	count	expect	max.err	error counts
5	214701	29136.3	0	214701
6	202072	7284.1	0	202072
7	183453	1821.0	0	183453
8	199701	455.3	0	199701
9	176357	113.8	0	175639 718
10	174772	28.5	1	169854 4918
11	182198	7.1	1	173327 8871
12	172941	1.8	1	166860 6081
13	176416	0.4	1	169278 7138
14	160761	0.4	1	153662 7099
15	160296	0.4	1	153317 6979
16	154296	0.4	1	147038 7258
17	165892	0.4	1	155986 9906
18	154092	0.4	1	149191 4901
19	130938	0.4	1	126419 4519
20	139975	0.4	1	134165 5810
21	139938	0.4	1	134820 5118
22	132760	0.4	1	127999 4761
23	144728	0.4	1	139060 5668
24	133066	0.4	1	125863 7203
25	137685	0.4	1	132331 5354
26	119164	0.4	1	115639 3525
27	121980	0.4	1	117373 4607
28	122483	0.4	1	117106 5377
29	118935	0.4	1	113518 5417
30	116062	0.4	1	112279 3783
31	110594	0.4	1	107203 3391
32	113336	0.4	1	109428 3908
33	104571	0.4	1	100175 4396
34	103580	0.4	1	99534 4046
35	108460	0.4	1	103367 5093
36	96122	0.4	1	93269 2853
37	85822	0.4	1	82943 2879
38	95640	0.4	1	91286 4354
39	76364	0.4	1	73782 2582
40	84429	0.4	1	79864 4565
41	64855	0.4	1	63010 1845
42	75037	0.4	1	71852 3185
43	75837	0.4	1	70785 5052
44	65737	0.4	1	62761 2976
45	103304	0.4	1	100688 2616
46	18216	0.4	1	17025 1191
47	48214	0.4	1	46188 2026
48	147842	0.4	1	143602 4240
49	185923	0.4	1	181690 4233
50	35214	0.4	1	33669 1545
51	29479	0.4	1	28501 978
52	28221	0.4	1	27313 908
53	20561	0.4	1	19905 656
54	6921	0.4	1	6455 466
55	27770	0.4	1	26918 852
56	21798	0.4	1	21077 721
57	8775	0.4	1	8404 371
58	6920	0.4	1	6659 261
59	4315	0.4	1	4118 197
60	3620	0.4	1	3461 159
61	3448	0.4	1	3241 207
62	10511	0.4	1	10193 318
63	7229	0.4	1	6925 304
64	4813	0.4	1	4630 183
65	2951	0.4	1	2802 149
66	7568	0.4	1	7357 211
67	1621	0.4	1	1533 88
68	467	0.4	1	430 37
69	406	0.4	1	378 28
70	368	0.4	1	339 29
71	306	0.4	1	274 32
72	543	0.4	1	510 33
73	1338	0.4	1	1293 45
74	2463	0.4	1	2342 121
75	3066	0.4	1	2972 94
76	3162	0.4	1	3035 127
77	3050	0.4	1	2937 113
78	2823	0.4	1	2716 107
79	2383	0.4	1	2309 74
80	2140	0.4	1	2045 95
81	1958	0.4	1	1870 88
82	1687	0.4	1	1596 91
83	1382	0.4	1	1320 62
84	1264	0.4	1	1189 75
85	996	0.4	1	956 40
86	997	0.4	1	911 86
87	916	0.4	1	811 105
88	929	0.4	1	758 171
89	958	0.4	1	773 185
90	854	0.4	1	720 134
91	744	0.4	1	671 73
92	685	0.4	1	547 138
93	613	0.4	1	488 125
94	576	0.4	1	510 66
95	532	0.4	1	475 57
96	614	0.4	1	429 185
97	429	0.4	1	378 51
98	434	0.4	1	361 73
99	313	0.4	1	274 39
100	265	0.4	1	236 29
101	341	0.4	1	244 97
102	227	0.4	1	209 18
103	266	0.4	1	209 57
104	197	0.4	1	161 36
105	178	0.4	1	140 38
106	185	0.4	1	153 32
107	139	0.4	1	110 29
108	131	0.4	1	91 40
109	100	0.4	1	82 18
110	144	0.4	1	128 16
111	126	0.4	1	116 10
112	118	0.4	1	103 15
113	96	0.4	1	77 19
114	122	0.4	1	95 27
115	76	0.4	1	59 17
116	86	0.4	1	61 25
117	81	0.4	1	63 18
118	62	0.4	1	48 14
119	76	0.4	1	49 27
120	66	0.4	1	49 17
121	40	0.4	1	33 7
122	50	0.4	1	34 16
123	49	0.4	1	41 8
124	58	0.4	1	40 18
125	61	0.4	1	41 20
126	68	0.4	1	42 26
127	54	0.4	1	38 16
128	57	0.4	1	33 24
129	67	0.4	1	27 40
130	73	0.4	1	15 58
131	73	0.4	1	25 48
132	166	0.4	1	29 137
133	110	0.4	1	24 86
134	102	0.4	1	17 85
135	69	0.4	1	23 46
136	49	0.4	1	18 31
137	40	0.4	1	14 26
138	65	0.4	1	18 47
139	42	0.4	1	18 24
140	46	0.4	1	15 31
141	39	0.4	1	16 23
142	179	0.4	1	16 163
143	261	0.4	1	11 250
144	502	0.4	1	5 497
145	45	0.4	1	3 42
146	66	0.4	1	8 58
147	39	0.4	1	2 37
148	93	0.4	1	4 89
149	18	0.4	1	0 18
150	6	0.4	1	0 6
151	364	0.4	1	0 364

RUN STATISTICS FOR INPUT FILE: /home/george_a/Documentos/Mtb_UAM_unizar/Analysis/Outputs/2_Reports/raw_fastqc/3_1.fastq.gz
=============================================
29835619 sequences processed in total

