
SUMMARISING RUN PARAMETERS
==========================
Input filename: /home/george_a/Documentos/Mtb_UAM_unizar/Analysis/Outputs/2_Reports/raw_fastqc/12_1_C15R_F2_1.fastq.gz
Trimming mode: paired-end
Trim Galore version: 0.6.7
Cutadapt version: 3.5
Python version: 3.10.6
Number of cores used for trimming: 7
Quality Phred score cutoff: 20
Quality encoding type selected: ASCII+33
Using Illumina adapter for trimming (count: 181147). Second best hit was smallRNA (count: 7)
Adapter sequence: 'AGATCGGAAGAGC' (Illumina TruSeq, Sanger iPCR; auto-detected)
Maximum trimming error rate: 0.1 (default)
Minimum required adapter overlap (stringency): 5 bp
Minimum required sequence length for both reads before a sequence pair gets removed: 20 bp
Removing Ns from the start and end of reads
Running FastQC on the data once trimming has completed
Output file will be GZIP compressed


This is cutadapt 3.5 with Python 3.10.6
Command line parameters: -j 7 -e 0.1 -q 20 -O 5 --trim-n -a AGATCGGAAGAGC /home/george_a/Documentos/Mtb_UAM_unizar/Analysis/Outputs/2_Reports/raw_fastqc/12_1_C15R_F2_1.fastq.gz
Processing reads on 7 cores in single-end mode ...
Finished in 80.27 s (3 µs/read; 22.30 M reads/minute).

=== Summary ===

Total reads processed:              29,831,860
Reads with adapters:                 7,132,748 (23.9%)
Reads written (passing filters):    29,831,860 (100.0%)

Total basepairs processed: 4,504,610,860 bp
Quality-trimmed:              11,082,326 bp (0.2%)
Total written (filtered):  4,299,180,586 bp (95.4%)

=== Adapter 1 ===

Sequence: AGATCGGAAGAGC; Type: regular 3'; Length: 13; Trimmed: 7132748 times

Minimum overlap: 5
No. of allowed errors:
1-9 bp: 0; 10-13 bp: 1

Bases preceding removed adapters:
  A: 7.1%
  C: 48.7%
  G: 36.6%
  T: 7.6%
  none/other: 0.0%

Overview of removed sequences
length	count	expect	max.err	error counts
5	181669	29132.7	0	181669
6	203785	7283.2	0	203785
7	174836	1820.8	0	174836
8	213346	455.2	0	213346
9	179935	113.8	0	178346 1589
10	173432	28.4	1	169479 3953
11	193416	7.1	1	185105 8311
12	197340	1.8	1	191375 5965
13	237372	0.4	1	230017 7355
14	190403	0.4	1	183494 6909
15	189610	0.4	1	182982 6628
16	159343	0.4	1	153130 6213
17	180665	0.4	1	171712 8953
18	170204	0.4	1	166035 4169
19	136244	0.4	1	132881 3363
20	146077	0.4	1	141035 5042
21	144109	0.4	1	139663 4446
22	170042	0.4	1	165625 4417
23	150604	0.4	1	145924 4680
24	147729	0.4	1	141268 6461
25	141634	0.4	1	137091 4543
26	136207	0.4	1	132976 3231
27	122332	0.4	1	118431 3901
28	127381	0.4	1	123329 4052
29	142208	0.4	1	136912 5296
30	127937	0.4	1	125057 2880
31	119284	0.4	1	116178 3106
32	115220	0.4	1	112271 2949
33	140635	0.4	1	136219 4416
34	120111	0.4	1	116740 3371
35	145747	0.4	1	140782 4965
36	111283	0.4	1	109069 2214
37	129323	0.4	1	125071 4252
38	135480	0.4	1	132416 3064
39	89740	0.4	1	87424 2316
40	91287	0.4	1	88397 2890
41	91779	0.4	1	88937 2842
42	113781	0.4	1	110424 3357
43	101684	0.4	1	97426 4258
44	79756	0.4	1	77213 2543
45	134484	0.4	1	131614 2870
46	15351	0.4	1	14534 817
47	52768	0.4	1	50519 2249
48	381388	0.4	1	375518 5870
49	177114	0.4	1	173443 3671
50	17490	0.4	1	16528 962
51	89908	0.4	1	88255 1653
52	58114	0.4	1	56974 1140
53	9760	0.4	1	9323 437
54	13237	0.4	1	12821 416
55	38401	0.4	1	37662 739
56	20613	0.4	1	20040 573
57	4133	0.4	1	3905 228
58	4546	0.4	1	4358 188
59	8296	0.4	1	8049 247
60	2369	0.4	1	2249 120
61	3933	0.4	1	3742 191
62	26361	0.4	1	25946 415
63	8104	0.4	1	7878 226
64	5684	0.4	1	5511 173
65	4731	0.4	1	4543 188
66	15195	0.4	1	14905 290
67	2259	0.4	1	2157 102
68	1854	0.4	1	1777 77
69	2009	0.4	1	1939 70
70	1380	0.4	1	1325 55
71	473	0.4	1	438 35
72	1475	0.4	1	1417 58
73	4599	0.4	1	4505 94
74	8054	0.4	1	7842 212
75	8112	0.4	1	7929 183
76	7671	0.4	1	7482 189
77	7070	0.4	1	6905 165
78	6795	0.4	1	6592 203
79	5476	0.4	1	5332 144
80	5339	0.4	1	5165 174
81	5456	0.4	1	5340 116
82	4927	0.4	1	4799 128
83	3752	0.4	1	3645 107
84	3404	0.4	1	3321 83
85	2592	0.4	1	2516 76
86	2580	0.4	1	2502 78
87	2224	0.4	1	2131 93
88	2157	0.4	1	2044 113
89	2330	0.4	1	2229 101
90	1861	0.4	1	1768 93
91	1716	0.4	1	1647 69
92	1568	0.4	1	1507 61
93	1501	0.4	1	1427 74
94	1572	0.4	1	1528 44
95	1447	0.4	1	1379 68
96	1187	0.4	1	1010 177
97	1129	0.4	1	1082 47
98	1027	0.4	1	944 83
99	997	0.4	1	917 80
100	790	0.4	1	763 27
101	911	0.4	1	814 97
102	697	0.4	1	668 29
103	710	0.4	1	648 62
104	577	0.4	1	550 27
105	603	0.4	1	577 26
106	493	0.4	1	470 23
107	643	0.4	1	611 32
108	394	0.4	1	379 15
109	337	0.4	1	315 22
110	414	0.4	1	391 23
111	327	0.4	1	319 8
112	367	0.4	1	348 19
113	296	0.4	1	282 14
114	331	0.4	1	313 18
115	214	0.4	1	205 9
116	258	0.4	1	250 8
117	283	0.4	1	266 17
118	250	0.4	1	238 12
119	226	0.4	1	205 21
120	152	0.4	1	143 9
121	148	0.4	1	140 8
122	126	0.4	1	102 24
123	146	0.4	1	118 28
124	143	0.4	1	118 25
125	120	0.4	1	110 10
126	120	0.4	1	108 12
127	84	0.4	1	79 5
128	74	0.4	1	58 16
129	106	0.4	1	74 32
130	80	0.4	1	53 27
131	108	0.4	1	69 39
132	88	0.4	1	37 51
133	79	0.4	1	32 47
134	61	0.4	1	21 40
135	64	0.4	1	27 37
136	35	0.4	1	24 11
137	46	0.4	1	21 25
138	58	0.4	1	11 47
139	32	0.4	1	13 19
140	22	0.4	1	5 17
141	12	0.4	1	1 11
142	81	0.4	1	5 76
143	62	0.4	1	3 59
144	232	0.4	1	4 228
145	17	0.4	1	3 14
146	35	0.4	1	2 33
147	28	0.4	1	0 28
148	92	0.4	1	2 90
149	28	0.4	1	2 26
150	3	0.4	1	0 3
151	202	0.4	1	0 202

RUN STATISTICS FOR INPUT FILE: /home/george_a/Documentos/Mtb_UAM_unizar/Analysis/Outputs/2_Reports/raw_fastqc/12_1_C15R_F2_1.fastq.gz
=============================================
29831860 sequences processed in total

