
SUMMARISING RUN PARAMETERS
==========================
Input filename: /home/george_a/Documentos/Mtb_UAM_unizar/Analysis/Outputs/2_Reports/raw_fastqc/ANLCFAmF1C12R_1.fastq.gz
Trimming mode: paired-end
Trim Galore version: 0.6.7
Cutadapt version: 3.5
Python version: 3.10.6
Number of cores used for trimming: 7
Quality Phred score cutoff: 20
Quality encoding type selected: ASCII+33
Using Illumina adapter for trimming (count: 194569). Second best hit was smallRNA (count: 3)
Adapter sequence: 'AGATCGGAAGAGC' (Illumina TruSeq, Sanger iPCR; auto-detected)
Maximum trimming error rate: 0.1 (default)
Minimum required adapter overlap (stringency): 5 bp
Minimum required sequence length for both reads before a sequence pair gets removed: 20 bp
Removing Ns from the start and end of reads
Running FastQC on the data once trimming has completed
Output file will be GZIP compressed


This is cutadapt 3.5 with Python 3.10.6
Command line parameters: -j 7 -e 0.1 -q 20 -O 5 --trim-n -a AGATCGGAAGAGC /home/george_a/Documentos/Mtb_UAM_unizar/Analysis/Outputs/2_Reports/raw_fastqc/ANLCFAmF1C12R_1.fastq.gz
Processing reads on 7 cores in single-end mode ...
Finished in 85.11 s (3 µs/read; 20.92 M reads/minute).

=== Summary ===

Total reads processed:              29,672,350
Reads with adapters:                 7,695,544 (25.9%)
Reads written (passing filters):    29,672,350 (100.0%)

Total basepairs processed: 4,480,524,850 bp
Quality-trimmed:               6,501,607 bp (0.1%)
Total written (filtered):  4,265,543,488 bp (95.2%)

=== Adapter 1 ===

Sequence: AGATCGGAAGAGC; Type: regular 3'; Length: 13; Trimmed: 7695544 times

Minimum overlap: 5
No. of allowed errors:
1-9 bp: 0; 10-13 bp: 1

Bases preceding removed adapters:
  A: 9.1%
  C: 44.3%
  G: 36.5%
  T: 10.2%
  none/other: 0.0%

Overview of removed sequences
length	count	expect	max.err	error counts
5	215743	28976.9	0	215743
6	222873	7244.2	0	222873
7	195676	1811.1	0	195676
8	225536	452.8	0	225536
9	194915	113.2	0	193323 1592
10	192361	28.3	1	185555 6806
11	206739	7.1	1	196191 10548
12	207109	1.8	1	198647 8462
13	215987	0.4	1	206934 9053
14	192652	0.4	1	182458 10194
15	193487	0.4	1	184589 8898
16	183622	0.4	1	174209 9413
17	191931	0.4	1	180595 11336
18	193161	0.4	1	185442 7719
19	150301	0.4	1	144035 6266
20	167307	0.4	1	159225 8082
21	177261	0.4	1	169086 8175
22	179836	0.4	1	172205 7631
23	186399	0.4	1	178073 8326
24	171926	0.4	1	161491 10435
25	166007	0.4	1	158750 7257
26	148442	0.4	1	142798 5644
27	150707	0.4	1	143960 6747
28	154534	0.4	1	147889 6645
29	164058	0.4	1	155646 8412
30	149961	0.4	1	144066 5895
31	141546	0.4	1	136075 5471
32	152113	0.4	1	145939 6174
33	160950	0.4	1	153785 7165
34	138690	0.4	1	132999 5691
35	136903	0.4	1	130871 6032
36	142578	0.4	1	136624 5954
37	139425	0.4	1	132855 6570
38	121196	0.4	1	116623 4573
39	110076	0.4	1	105546 4530
40	88539	0.4	1	84463 4076
41	109341	0.4	1	104050 5291
42	96947	0.4	1	93092 3855
43	92017	0.4	1	87581 4436
44	81330	0.4	1	77489 3841
45	137466	0.4	1	133221 4245
46	19015	0.4	1	17514 1501
47	61437	0.4	1	59056 2381
48	88704	0.4	1	85193 3511
49	78396	0.4	1	75277 3119
50	62216	0.4	1	59695 2521
51	70565	0.4	1	67537 3028
52	56995	0.4	1	54665 2330
53	46207	0.4	1	44305 1902
54	49549	0.4	1	47093 2456
55	62046	0.4	1	59638 2408
56	44927	0.4	1	43138 1789
57	46595	0.4	1	44858 1737
58	47862	0.4	1	46218 1644
59	33716	0.4	1	32348 1368
60	21973	0.4	1	21224 749
61	15462	0.4	1	14705 757
62	38025	0.4	1	36781 1244
63	22480	0.4	1	21628 852
64	18314	0.4	1	17643 671
65	11849	0.4	1	11180 669
66	32123	0.4	1	31110 1013
67	16591	0.4	1	15975 616
68	17940	0.4	1	17316 624
69	6566	0.4	1	6289 277
70	2456	0.4	1	2294 162
71	2139	0.4	1	1996 143
72	4050	0.4	1	3907 143
73	6251	0.4	1	6014 237
74	6495	0.4	1	6223 272
75	5523	0.4	1	5317 206
76	5146	0.4	1	4936 210
77	4468	0.4	1	4268 200
78	4295	0.4	1	4114 181
79	3538	0.4	1	3375 163
80	3689	0.4	1	3500 189
81	3040	0.4	1	2904 136
82	2963	0.4	1	2830 133
83	2200	0.4	1	2089 111
84	1822	0.4	1	1746 76
85	1516	0.4	1	1448 68
86	1444	0.4	1	1320 124
87	1430	0.4	1	1287 143
88	1325	0.4	1	1148 177
89	1354	0.4	1	1229 125
90	1081	0.4	1	996 85
91	864	0.4	1	808 56
92	806	0.4	1	736 70
93	673	0.4	1	586 87
94	730	0.4	1	611 119
95	717	0.4	1	583 134
96	801	0.4	1	543 258
97	520	0.4	1	480 40
98	472	0.4	1	380 92
99	395	0.4	1	341 54
100	317	0.4	1	280 37
101	398	0.4	1	292 106
102	278	0.4	1	249 29
103	273	0.4	1	220 53
104	308	0.4	1	205 103
105	287	0.4	1	250 37
106	219	0.4	1	172 47
107	284	0.4	1	184 100
108	171	0.4	1	137 34
109	138	0.4	1	119 19
110	138	0.4	1	112 26
111	111	0.4	1	99 12
112	98	0.4	1	92 6
113	132	0.4	1	103 29
114	102	0.4	1	92 10
115	104	0.4	1	92 12
116	76	0.4	1	62 14
117	211	0.4	1	80 131
118	84	0.4	1	65 19
119	107	0.4	1	49 58
120	61	0.4	1	39 22
121	40	0.4	1	33 7
122	67	0.4	1	23 44
123	55	0.4	1	36 19
124	66	0.4	1	22 44
125	39	0.4	1	20 19
126	31	0.4	1	14 17
127	44	0.4	1	13 31
128	58	0.4	1	10 48
129	77	0.4	1	12 65
130	75	0.4	1	9 66
131	114	0.4	1	13 101
132	103	0.4	1	12 91
133	110	0.4	1	9 101
134	51	0.4	1	5 46
135	43	0.4	1	6 37
136	38	0.4	1	10 28
137	32	0.4	1	8 24
138	78	0.4	1	4 74
139	39	0.4	1	3 36
140	86	0.4	1	1 85
141	71	0.4	1	4 67
142	149	0.4	1	2 147
143	163	0.4	1	1 162
144	298	0.4	1	1 297
145	18	0.4	1	1 17
146	74	0.4	1	1 73
147	17	0.4	1	1 16
148	35	0.4	1	3 32
149	13	0.4	1	0 13
150	5	0.4	1	0 5
151	154	0.4	1	0 154

RUN STATISTICS FOR INPUT FILE: /home/george_a/Documentos/Mtb_UAM_unizar/Analysis/Outputs/2_Reports/raw_fastqc/ANLCFAmF1C12R_1.fastq.gz
=============================================
29672350 sequences processed in total

