
SUMMARISING RUN PARAMETERS
==========================
Input filename: /home/george_a/Documentos/Mtb_UAM_unizar/Analysis/Outputs/2_Reports/raw_fastqc/29_11_ANmF2C15_1.fastq.gz
Trimming mode: paired-end
Trim Galore version: 0.6.7
Cutadapt version: 3.5
Python version: 3.10.6
Number of cores used for trimming: 7
Quality Phred score cutoff: 20
Quality encoding type selected: ASCII+33
Using Illumina adapter for trimming (count: 253029). Second best hit was smallRNA (count: 2)
Adapter sequence: 'AGATCGGAAGAGC' (Illumina TruSeq, Sanger iPCR; auto-detected)
Maximum trimming error rate: 0.1 (default)
Minimum required adapter overlap (stringency): 5 bp
Minimum required sequence length for both reads before a sequence pair gets removed: 20 bp
Removing Ns from the start and end of reads
Running FastQC on the data once trimming has completed
Output file will be GZIP compressed


This is cutadapt 3.5 with Python 3.10.6
Command line parameters: -j 7 -e 0.1 -q 20 -O 5 --trim-n -a AGATCGGAAGAGC /home/george_a/Documentos/Mtb_UAM_unizar/Analysis/Outputs/2_Reports/raw_fastqc/29_11_ANmF2C15_1.fastq.gz
Processing reads on 7 cores in single-end mode ...
Finished in 55.93 s (3 µs/read; 22.75 M reads/minute).

=== Summary ===

Total reads processed:              21,208,240
Reads with adapters:                 6,851,352 (32.3%)
Reads written (passing filters):    21,208,240 (100.0%)

Total basepairs processed: 3,202,444,240 bp
Quality-trimmed:               1,465,911 bp (0.0%)
Total written (filtered):  3,008,219,829 bp (93.9%)

=== Adapter 1 ===

Sequence: AGATCGGAAGAGC; Type: regular 3'; Length: 13; Trimmed: 6851352 times

Minimum overlap: 5
No. of allowed errors:
1-9 bp: 0; 10-13 bp: 1

Bases preceding removed adapters:
  A: 9.5%
  C: 46.1%
  G: 35.2%
  T: 9.2%
  none/other: 0.0%

Overview of removed sequences
length	count	expect	max.err	error counts
5	184224	20711.2	0	184224
6	196574	5177.8	0	196574
7	162307	1294.4	0	162307
8	194045	323.6	0	194045
9	155415	80.9	0	154896 519
10	165409	20.2	1	162502 2907
11	164129	5.1	1	160122 4007
12	163655	1.3	1	160005 3650
13	180781	0.3	1	176642 4139
14	135885	0.3	1	132513 3372
15	149802	0.3	1	146192 3610
16	129314	0.3	1	126066 3248
17	142378	0.3	1	138440 3938
18	149944	0.3	1	146561 3383
19	130453	0.3	1	127573 2880
20	138959	0.3	1	135626 3333
21	140317	0.3	1	137125 3192
22	178709	0.3	1	174756 3953
23	157643	0.3	1	154150 3493
24	138308	0.3	1	134813 3495
25	145931	0.3	1	142619 3312
26	160820	0.3	1	157565 3255
27	122629	0.3	1	119710 2919
28	148555	0.3	1	145319 3236
29	171008	0.3	1	167065 3943
30	134255	0.3	1	131396 2859
31	149849	0.3	1	146800 3049
32	142405	0.3	1	139424 2981
33	157559	0.3	1	154108 3451
34	134965	0.3	1	131956 3009
35	136224	0.3	1	133231 2993
36	154353	0.3	1	151350 3003
37	143172	0.3	1	140105 3067
38	114792	0.3	1	112346 2446
39	91156	0.3	1	88995 2161
40	82860	0.3	1	80970 1890
41	95587	0.3	1	93507 2080
42	94656	0.3	1	92352 2304
43	87408	0.3	1	85398 2010
44	62187	0.3	1	60632 1555
45	115833	0.3	1	114169 1664
46	17383	0.3	1	16364 1019
47	69760	0.3	1	68499 1261
48	94210	0.3	1	92262 1948
49	81686	0.3	1	80048 1638
50	80056	0.3	1	78435 1621
51	68871	0.3	1	67368 1503
52	63127	0.3	1	61897 1230
53	44579	0.3	1	43647 932
54	48532	0.3	1	47507 1025
55	52823	0.3	1	51731 1092
56	49650	0.3	1	48684 966
57	45471	0.3	1	44594 877
58	42472	0.3	1	41688 784
59	29504	0.3	1	28909 595
60	25274	0.3	1	24813 461
61	18622	0.3	1	18095 527
62	32227	0.3	1	31646 581
63	20698	0.3	1	20239 459
64	16086	0.3	1	15770 316
65	10110	0.3	1	9803 307
66	21426	0.3	1	21061 365
67	17454	0.3	1	17122 332
68	19087	0.3	1	18781 306
69	7616	0.3	1	7445 171
70	3765	0.3	1	3667 98
71	1557	0.3	1	1507 50
72	2742	0.3	1	2679 63
73	5462	0.3	1	5347 115
74	6408	0.3	1	6257 151
75	5459	0.3	1	5328 131
76	4649	0.3	1	4543 106
77	3881	0.3	1	3768 113
78	3945	0.3	1	3846 99
79	2939	0.3	1	2869 70
80	2916	0.3	1	2851 65
81	2895	0.3	1	2810 85
82	2357	0.3	1	2289 68
83	1723	0.3	1	1668 55
84	1429	0.3	1	1396 33
85	1258	0.3	1	1209 49
86	1252	0.3	1	1201 51
87	1189	0.3	1	1128 61
88	1161	0.3	1	1070 91
89	1130	0.3	1	1076 54
90	1043	0.3	1	1002 41
91	861	0.3	1	827 34
92	747	0.3	1	707 40
93	786	0.3	1	762 24
94	716	0.3	1	685 31
95	616	0.3	1	583 33
96	704	0.3	1	666 38
97	462	0.3	1	441 21
98	400	0.3	1	377 23
99	399	0.3	1	382 17
100	294	0.3	1	281 13
101	363	0.3	1	335 28
102	285	0.3	1	266 19
103	284	0.3	1	266 18
104	266	0.3	1	242 24
105	255	0.3	1	229 26
106	219	0.3	1	210 9
107	177	0.3	1	152 25
108	185	0.3	1	164 21
109	177	0.3	1	159 18
110	193	0.3	1	183 10
111	183	0.3	1	171 12
112	156	0.3	1	147 9
113	133	0.3	1	122 11
114	145	0.3	1	140 5
115	123	0.3	1	114 9
116	100	0.3	1	92 8
117	106	0.3	1	89 17
118	90	0.3	1	82 8
119	97	0.3	1	92 5
120	89	0.3	1	86 3
121	74	0.3	1	55 19
122	68	0.3	1	55 13
123	89	0.3	1	84 5
124	46	0.3	1	40 6
125	31	0.3	1	23 8
126	45	0.3	1	40 5
127	42	0.3	1	33 9
128	40	0.3	1	29 11
129	30	0.3	1	16 14
130	66	0.3	1	36 30
131	63	0.3	1	33 30
132	72	0.3	1	23 49
133	55	0.3	1	21 34
134	66	0.3	1	41 25
135	33	0.3	1	23 10
136	41	0.3	1	35 6
137	30	0.3	1	24 6
138	60	0.3	1	47 13
139	23	0.3	1	8 15
140	22	0.3	1	4 18
141	35	0.3	1	6 29
142	91	0.3	1	12 79
143	103	0.3	1	1 102
144	121	0.3	1	1 120
145	10	0.3	1	2 8
146	17	0.3	1	0 17
147	9	0.3	1	3 6
148	11	0.3	1	0 11
149	6	0.3	1	1 5
151	3	0.3	1	0 3

RUN STATISTICS FOR INPUT FILE: /home/george_a/Documentos/Mtb_UAM_unizar/Analysis/Outputs/2_Reports/raw_fastqc/29_11_ANmF2C15_1.fastq.gz
=============================================
21208240 sequences processed in total

