
SUMMARISING RUN PARAMETERS
==========================
Input filename: /home/george_a/Documentos/Mtb_UAM_unizar/Analysis/Outputs/2_Reports/raw_fastqc/11_10_ANmF1C7_1.fastq.gz
Trimming mode: paired-end
Trim Galore version: 0.6.7
Cutadapt version: 3.5
Python version: 3.10.6
Number of cores used for trimming: 7
Quality Phred score cutoff: 20
Quality encoding type selected: ASCII+33
Using Illumina adapter for trimming (count: 107268). Second best hit was smallRNA (count: 18)
Adapter sequence: 'AGATCGGAAGAGC' (Illumina TruSeq, Sanger iPCR; auto-detected)
Maximum trimming error rate: 0.1 (default)
Minimum required adapter overlap (stringency): 5 bp
Minimum required sequence length for both reads before a sequence pair gets removed: 20 bp
Removing Ns from the start and end of reads
Running FastQC on the data once trimming has completed
Output file will be GZIP compressed


This is cutadapt 3.5 with Python 3.10.6
Command line parameters: -j 7 -e 0.1 -q 20 -O 5 --trim-n -a AGATCGGAAGAGC /home/george_a/Documentos/Mtb_UAM_unizar/Analysis/Outputs/2_Reports/raw_fastqc/11_10_ANmF1C7_1.fastq.gz
Processing reads on 7 cores in single-end mode ...
Finished in 104.84 s (4 µs/read; 17.13 M reads/minute).

=== Summary ===

Total reads processed:              29,939,367
Reads with adapters:                 4,427,478 (14.8%)
Reads written (passing filters):    29,939,367 (100.0%)

Total basepairs processed: 4,520,844,417 bp
Quality-trimmed:               6,187,542 bp (0.1%)
Total written (filtered):  4,402,603,980 bp (97.4%)

=== Adapter 1 ===

Sequence: AGATCGGAAGAGC; Type: regular 3'; Length: 13; Trimmed: 4427478 times

Minimum overlap: 5
No. of allowed errors:
1-9 bp: 0; 10-13 bp: 1

Bases preceding removed adapters:
  A: 6.9%
  C: 40.3%
  G: 44.0%
  T: 8.7%
  none/other: 0.0%

Overview of removed sequences
length	count	expect	max.err	error counts
5	164168	29237.7	0	164168
6	153231	7309.4	0	153231
7	134270	1827.4	0	134270
8	147863	456.8	0	147863
9	132818	114.2	0	132329 489
10	127662	28.6	1	125064 2598
11	135546	7.1	1	130727 4819
12	128772	1.8	1	125789 2983
13	133691	0.4	1	130148 3543
14	119359	0.4	1	115503 3856
15	120859	0.4	1	117267 3592
16	115370	0.4	1	111802 3568
17	118924	0.4	1	114107 4817
18	121612	0.4	1	118927 2685
19	88330	0.4	1	86160 2170
20	104600	0.4	1	101670 2930
21	102397	0.4	1	99958 2439
22	94643	0.4	1	92449 2194
23	106560	0.4	1	103771 2789
24	97977	0.4	1	94142 3835
25	96792	0.4	1	94028 2764
26	80544	0.4	1	78718 1826
27	86656	0.4	1	84551 2105
28	84321	0.4	1	82002 2319
29	86204	0.4	1	83254 2950
30	84920	0.4	1	82997 1923
31	71982	0.4	1	70319 1663
32	76520	0.4	1	74725 1795
33	75285	0.4	1	73035 2250
34	74518	0.4	1	72472 2046
35	74885	0.4	1	72638 2247
36	64735	0.4	1	63492 1243
37	62598	0.4	1	60814 1784
38	72337	0.4	1	69676 2661
39	57183	0.4	1	55850 1333
40	53623	0.4	1	51828 1795
41	56080	0.4	1	54882 1198
42	47360	0.4	1	46145 1215
43	47819	0.4	1	46181 1638
44	49162	0.4	1	47557 1605
45	61882	0.4	1	60733 1149
46	16857	0.4	1	16325 532
47	34646	0.4	1	33852 794
48	50141	0.4	1	48916 1225
49	36194	0.4	1	35431 763
50	26043	0.4	1	25322 721
51	41752	0.4	1	40762 990
52	26216	0.4	1	25633 583
53	20205	0.4	1	19742 463
54	25125	0.4	1	24481 644
55	38197	0.4	1	37483 714
56	19582	0.4	1	19196 386
57	19476	0.4	1	19103 373
58	17633	0.4	1	17288 345
59	20781	0.4	1	20388 393
60	5502	0.4	1	5356 146
61	5582	0.4	1	5403 179
62	19905	0.4	1	19526 379
63	8101	0.4	1	7916 185
64	5832	0.4	1	5714 118
65	6477	0.4	1	6318 159
66	13513	0.4	1	13263 250
67	4290	0.4	1	4191 99
68	7434	0.4	1	7304 130
69	4061	0.4	1	3976 85
70	2352	0.4	1	2265 87
71	616	0.4	1	553 63
72	1604	0.4	1	1536 68
73	2940	0.4	1	2860 80
74	2985	0.4	1	2888 97
75	2633	0.4	1	2565 68
76	2400	0.4	1	2338 62
77	2045	0.4	1	1951 94
78	2027	0.4	1	1942 85
79	1719	0.4	1	1656 63
80	1497	0.4	1	1405 92
81	1391	0.4	1	1322 69
82	1165	0.4	1	1111 54
83	997	0.4	1	940 57
84	809	0.4	1	762 47
85	663	0.4	1	634 29
86	681	0.4	1	586 95
87	671	0.4	1	522 149
88	658	0.4	1	473 185
89	601	0.4	1	444 157
90	489	0.4	1	383 106
91	406	0.4	1	340 66
92	329	0.4	1	281 48
93	364	0.4	1	206 158
94	326	0.4	1	247 79
95	365	0.4	1	195 170
96	737	0.4	1	188 549
97	221	0.4	1	182 39
98	409	0.4	1	161 248
99	247	0.4	1	156 91
100	158	0.4	1	121 37
101	338	0.4	1	105 233
102	145	0.4	1	92 53
103	200	0.4	1	79 121
104	146	0.4	1	88 58
105	101	0.4	1	64 37
106	75	0.4	1	53 22
107	105	0.4	1	66 39
108	83	0.4	1	59 24
109	71	0.4	1	58 13
110	69	0.4	1	53 16
111	66	0.4	1	55 11
112	57	0.4	1	42 15
113	70	0.4	1	45 25
114	56	0.4	1	38 18
115	50	0.4	1	36 14
116	60	0.4	1	47 13
117	92	0.4	1	43 49
118	60	0.4	1	45 15
119	62	0.4	1	37 25
120	49	0.4	1	32 17
121	41	0.4	1	25 16
122	155	0.4	1	51 104
123	70	0.4	1	27 43
124	84	0.4	1	47 37
125	48	0.4	1	35 13
126	36	0.4	1	20 16
127	50	0.4	1	28 22
128	81	0.4	1	38 43
129	108	0.4	1	34 74
130	76	0.4	1	24 52
131	127	0.4	1	21 106
132	179	0.4	1	26 153
133	144	0.4	1	25 119
134	129	0.4	1	13 116
135	52	0.4	1	8 44
136	38	0.4	1	24 14
137	53	0.4	1	11 42
138	72	0.4	1	10 62
139	35	0.4	1	6 29
140	77	0.4	1	3 74
141	73	0.4	1	5 68
142	258	0.4	1	4 254
143	460	0.4	1	2 458
144	616	0.4	1	2 614
145	29	0.4	1	1 28
146	63	0.4	1	2 61
147	41	0.4	1	2 39
148	138	0.4	1	1 137
149	36	0.4	1	1 35
150	13	0.4	1	0 13
151	33	0.4	1	0 33

RUN STATISTICS FOR INPUT FILE: /home/george_a/Documentos/Mtb_UAM_unizar/Analysis/Outputs/2_Reports/raw_fastqc/11_10_ANmF1C7_1.fastq.gz
=============================================
29939367 sequences processed in total

