
SUMMARISING RUN PARAMETERS
==========================
Input filename: /home/george_a/Documentos/Mtb_UAM_unizar/Analysis/Outputs/2_Reports/raw_fastqc/12_1_C11R6_F2_2.fastq.gz
Trimming mode: paired-end
Trim Galore version: 0.6.7
Cutadapt version: 3.5
Python version: 3.10.6
Number of cores used for trimming: 7
Quality Phred score cutoff: 20
Quality encoding type selected: ASCII+33
Using Illumina adapter for trimming (count: 184097). Second best hit was smallRNA (count: 41)
Adapter sequence: 'AGATCGGAAGAGC' (Illumina TruSeq, Sanger iPCR; auto-detected)
Maximum trimming error rate: 0.1 (default)
Minimum required adapter overlap (stringency): 5 bp
Minimum required sequence length for both reads before a sequence pair gets removed: 20 bp
Removing Ns from the start and end of reads
Running FastQC on the data once trimming has completed
Output file will be GZIP compressed


This is cutadapt 3.5 with Python 3.10.6
Command line parameters: -j 7 -e 0.1 -q 20 -O 5 --trim-n -a AGATCGGAAGAGC /home/george_a/Documentos/Mtb_UAM_unizar/Analysis/Outputs/2_Reports/raw_fastqc/12_1_C11R6_F2_2.fastq.gz
Processing reads on 7 cores in single-end mode ...
Finished in 103.17 s (3 µs/read; 17.21 M reads/minute).

=== Summary ===

Total reads processed:              29,596,055
Reads with adapters:                 7,521,650 (25.4%)
Reads written (passing filters):    29,596,055 (100.0%)

Total basepairs processed: 4,469,004,305 bp
Quality-trimmed:               6,733,593 bp (0.2%)
Total written (filtered):  4,260,464,498 bp (95.3%)

=== Adapter 1 ===

Sequence: AGATCGGAAGAGC; Type: regular 3'; Length: 13; Trimmed: 7521650 times

Minimum overlap: 5
No. of allowed errors:
1-9 bp: 0; 10-13 bp: 1

Bases preceding removed adapters:
  A: 5.9%
  C: 34.9%
  G: 52.0%
  T: 7.2%
  none/other: 0.0%

Overview of removed sequences
length	count	expect	max.err	error counts
5	247408	28902.4	0	247408
6	239757	7225.6	0	239757
7	207834	1806.4	0	207834
8	264195	451.6	0	264195
9	161378	112.9	0	160535 843
10	209903	28.2	1	203501 6402
11	201810	7.1	1	194809 7001
12	203313	1.8	1	196630 6683
13	213017	0.4	1	206553 6464
14	214510	0.4	1	207321 7189
15	162438	0.4	1	158180 4258
16	188162	0.4	1	182632 5530
17	223007	0.4	1	216221 6786
18	142911	0.4	1	139564 3347
19	198013	0.4	1	191508 6505
20	167969	0.4	1	163339 4630
21	152443	0.4	1	148616 3827
22	164758	0.4	1	160650 4108
23	172406	0.4	1	166598 5808
24	160356	0.4	1	155654 4702
25	178877	0.4	1	174653 4224
26	143892	0.4	1	139678 4214
27	142856	0.4	1	139091 3765
28	144343	0.4	1	141237 3106
29	143090	0.4	1	139674 3416
30	137135	0.4	1	134011 3124
31	148804	0.4	1	144977 3827
32	133317	0.4	1	130597 2720
33	133101	0.4	1	130041 3060
34	126137	0.4	1	123706 2431
35	122439	0.4	1	120121 2318
36	126360	0.4	1	123409 2951
37	138420	0.4	1	135673 2747
38	94141	0.4	1	91956 2185
39	111220	0.4	1	108889 2331
40	101687	0.4	1	99878 1809
41	94606	0.4	1	92810 1796
42	91912	0.4	1	90066 1846
43	81375	0.4	1	79901 1474
44	79660	0.4	1	78148 1512
45	73359	0.4	1	71819 1540
46	86597	0.4	1	84800 1797
47	53871	0.4	1	52891 980
48	72921	0.4	1	71569 1352
49	70781	0.4	1	69062 1719
50	58174	0.4	1	57204 970
51	57261	0.4	1	56413 848
52	50944	0.4	1	50041 903
53	44759	0.4	1	43810 949
54	47254	0.4	1	46248 1006
55	37853	0.4	1	37158 695
56	45301	0.4	1	44492 809
57	47621	0.4	1	46584 1037
58	31026	0.4	1	30388 638
59	28925	0.4	1	28310 615
60	29171	0.4	1	28388 783
61	27988	0.4	1	27417 571
62	22600	0.4	1	22057 543
63	32519	0.4	1	31941 578
64	18164	0.4	1	17443 721
65	19264	0.4	1	18739 525
66	15291	0.4	1	14860 431
67	16433	0.4	1	16136 297
68	16911	0.4	1	16468 443
69	14988	0.4	1	14725 263
70	11868	0.4	1	11482 386
71	12569	0.4	1	11896 673
72	10311	0.4	1	10094 217
73	13800	0.4	1	13555 245
74	11474	0.4	1	10877 597
75	8878	0.4	1	8692 186
76	4226	0.4	1	3218 1008
77	3383	0.4	1	3255 128
78	4045	0.4	1	3941 104
79	3803	0.4	1	3707 96
80	3429	0.4	1	3303 126
81	3361	0.4	1	3188 173
82	3090	0.4	1	2916 174
83	2920	0.4	1	2597 323
84	2319	0.4	1	2128 191
85	2060	0.4	1	1978 82
86	1838	0.4	1	1787 51
87	1742	0.4	1	1698 44
88	2404	0.4	1	1514 890
89	1734	0.4	1	1553 181
90	2079	0.4	1	1367 712
91	1328	0.4	1	1202 126
92	1173	0.4	1	1015 158
93	1111	0.4	1	918 193
94	1046	0.4	1	853 193
95	975	0.4	1	900 75
96	776	0.4	1	709 67
97	860	0.4	1	813 47
98	726	0.4	1	629 97
99	773	0.4	1	617 156
100	1064	0.4	1	507 557
101	726	0.4	1	475 251
102	523	0.4	1	383 140
103	463	0.4	1	357 106
104	1064	0.4	1	344 720
105	492	0.4	1	390 102
106	380	0.4	1	285 95
107	549	0.4	1	351 198
108	337	0.4	1	274 63
109	357	0.4	1	191 166
110	358	0.4	1	212 146
111	370	0.4	1	208 162
112	342	0.4	1	172 170
113	171	0.4	1	143 28
114	224	0.4	1	169 55
115	159	0.4	1	147 12
116	125	0.4	1	105 20
117	206	0.4	1	127 79
118	142	0.4	1	98 44
119	188	0.4	1	86 102
120	118	0.4	1	87 31
121	166	0.4	1	55 111
122	231	0.4	1	65 166
123	167	0.4	1	42 125
124	300	0.4	1	55 245
125	108	0.4	1	59 49
126	74	0.4	1	27 47
127	70	0.4	1	42 28
128	457	0.4	1	30 427
129	98	0.4	1	23 75
130	103	0.4	1	25 78
131	154	0.4	1	48 106
132	93	0.4	1	32 61
133	294	0.4	1	20 274
134	182	0.4	1	19 163
135	270	0.4	1	10 260
136	210	0.4	1	20 190
137	70	0.4	1	17 53
138	166	0.4	1	12 154
139	110	0.4	1	10 100
140	39	0.4	1	6 33
141	143	0.4	1	6 137
142	76	0.4	1	8 68
143	33	0.4	1	5 28
144	69	0.4	1	5 64
145	50	0.4	1	1 49
146	52	0.4	1	3 49
147	55	0.4	1	4 51
148	273	0.4	1	8 265
149	109	0.4	1	5 104
150	21	0.4	1	1 20
151	12	0.4	1	1 11

RUN STATISTICS FOR INPUT FILE: /home/george_a/Documentos/Mtb_UAM_unizar/Analysis/Outputs/2_Reports/raw_fastqc/12_1_C11R6_F2_2.fastq.gz
=============================================
29596055 sequences processed in total

Number of sequence pairs removed because at least one read contained more N(s) than the specified limit of 1: 523 (0.00%)
Total number of sequences analysed for the sequence pair length validation: 29596055

Number of sequence pairs removed because at least one read was shorter than the length cutoff (20 bp): 23130 (0.08%)
