
SUMMARISING RUN PARAMETERS
==========================
Input filename: /home/george_a/Documentos/Mtb_UAM_unizar/Analysis/Outputs/2_Reports/raw_fastqc/12_1_C11R6_F2_1.fastq.gz
Trimming mode: paired-end
Trim Galore version: 0.6.7
Cutadapt version: 3.5
Python version: 3.10.6
Number of cores used for trimming: 7
Quality Phred score cutoff: 20
Quality encoding type selected: ASCII+33
Using Illumina adapter for trimming (count: 184097). Second best hit was smallRNA (count: 41)
Adapter sequence: 'AGATCGGAAGAGC' (Illumina TruSeq, Sanger iPCR; auto-detected)
Maximum trimming error rate: 0.1 (default)
Minimum required adapter overlap (stringency): 5 bp
Minimum required sequence length for both reads before a sequence pair gets removed: 20 bp
Removing Ns from the start and end of reads
Running FastQC on the data once trimming has completed
Output file will be GZIP compressed


This is cutadapt 3.5 with Python 3.10.6
Command line parameters: -j 7 -e 0.1 -q 20 -O 5 --trim-n -a AGATCGGAAGAGC /home/george_a/Documentos/Mtb_UAM_unizar/Analysis/Outputs/2_Reports/raw_fastqc/12_1_C11R6_F2_1.fastq.gz
Processing reads on 7 cores in single-end mode ...
Finished in 103.23 s (3 µs/read; 17.20 M reads/minute).

=== Summary ===

Total reads processed:              29,596,055
Reads with adapters:                 7,372,767 (24.9%)
Reads written (passing filters):    29,596,055 (100.0%)

Total basepairs processed: 4,469,004,305 bp
Quality-trimmed:              10,355,401 bp (0.2%)
Total written (filtered):  4,260,898,089 bp (95.3%)

=== Adapter 1 ===

Sequence: AGATCGGAAGAGC; Type: regular 3'; Length: 13; Trimmed: 7372767 times

Minimum overlap: 5
No. of allowed errors:
1-9 bp: 0; 10-13 bp: 1

Bases preceding removed adapters:
  A: 7.8%
  C: 38.5%
  G: 45.6%
  T: 8.1%
  none/other: 0.0%

Overview of removed sequences
length	count	expect	max.err	error counts
5	224928	28902.4	0	224928
6	220651	7225.6	0	220651
7	201627	1806.4	0	201627
8	225301	451.6	0	225301
9	200893	112.9	0	200290 603
10	193366	28.2	1	189001 4365
11	204954	7.1	1	196209 8745
12	197050	1.8	1	191193 5857
13	212325	0.4	1	204915 7410
14	183354	0.4	1	176548 6806
15	193237	0.4	1	185474 7763
16	178599	0.4	1	171633 6966
17	196913	0.4	1	185645 11268
18	196583	0.4	1	191870 4713
19	143840	0.4	1	140451 3389
20	169952	0.4	1	163917 6035
21	168833	0.4	1	164257 4576
22	157786	0.4	1	153313 4473
23	171850	0.4	1	166415 5435
24	165858	0.4	1	157389 8469
25	164555	0.4	1	159075 5480
26	134753	0.4	1	131562 3191
27	146157	0.4	1	141792 4365
28	149695	0.4	1	144652 5043
29	147480	0.4	1	141147 6333
30	142132	0.4	1	139028 3104
31	129501	0.4	1	126152 3349
32	134609	0.4	1	131094 3515
33	131071	0.4	1	126537 4534
34	135128	0.4	1	129316 5812
35	126497	0.4	1	123497 3000
36	109106	0.4	1	106892 2214
37	113917	0.4	1	110380 3537
38	124701	0.4	1	120186 4515
39	111849	0.4	1	108429 3420
40	90994	0.4	1	89109 1885
41	98523	0.4	1	95021 3502
42	87082	0.4	1	84896 2186
43	91821	0.4	1	87785 4036
44	87220	0.4	1	83781 3439
45	122608	0.4	1	120462 2146
46	18107	0.4	1	17393 714
47	54492	0.4	1	53346 1146
48	80248	0.4	1	78131 2117
49	73790	0.4	1	72150 1640
50	44349	0.4	1	43291 1058
51	64882	0.4	1	62791 2091
52	51435	0.4	1	50170 1265
53	41040	0.4	1	40166 874
54	41368	0.4	1	40195 1173
55	60281	0.4	1	58691 1590
56	39822	0.4	1	38885 937
57	38513	0.4	1	37737 776
58	46724	0.4	1	45938 786
59	35333	0.4	1	34471 862
60	16109	0.4	1	15811 298
61	13120	0.4	1	12718 402
62	40894	0.4	1	39971 923
63	19718	0.4	1	19286 432
64	17503	0.4	1	17180 323
65	11220	0.4	1	10852 368
66	40017	0.4	1	39282 735
67	13708	0.4	1	13418 290
68	17113	0.4	1	16830 283
69	4338	0.4	1	4207 131
70	1334	0.4	1	1242 92
71	3043	0.4	1	2956 87
72	5675	0.4	1	5555 120
73	7598	0.4	1	7431 167
74	8340	0.4	1	8084 256
75	7037	0.4	1	6879 158
76	6632	0.4	1	6459 173
77	5652	0.4	1	5518 134
78	5302	0.4	1	5148 154
79	4783	0.4	1	4632 151
80	4026	0.4	1	3893 133
81	3773	0.4	1	3681 92
82	3464	0.4	1	3335 129
83	2986	0.4	1	2876 110
84	2443	0.4	1	2342 101
85	2214	0.4	1	2151 63
86	2036	0.4	1	1947 89
87	1916	0.4	1	1838 78
88	1784	0.4	1	1649 135
89	1795	0.4	1	1627 168
90	1533	0.4	1	1386 147
91	1312	0.4	1	1242 70
92	1129	0.4	1	1037 92
93	1056	0.4	1	910 146
94	971	0.4	1	892 79
95	1028	0.4	1	946 82
96	1113	0.4	1	731 382
97	900	0.4	1	822 78
98	782	0.4	1	621 161
99	692	0.4	1	595 97
100	546	0.4	1	497 49
101	655	0.4	1	481 174
102	424	0.4	1	392 32
103	472	0.4	1	371 101
104	399	0.4	1	350 49
105	415	0.4	1	389 26
106	319	0.4	1	280 39
107	418	0.4	1	357 61
108	294	0.4	1	268 26
109	226	0.4	1	198 28
110	242	0.4	1	221 21
111	237	0.4	1	220 17
112	187	0.4	1	173 14
113	168	0.4	1	150 18
114	205	0.4	1	170 35
115	163	0.4	1	148 15
116	123	0.4	1	97 26
117	138	0.4	1	124 14
118	106	0.4	1	94 12
119	111	0.4	1	79 32
120	105	0.4	1	86 19
121	60	0.4	1	53 7
122	109	0.4	1	62 47
123	92	0.4	1	40 52
124	69	0.4	1	55 14
125	72	0.4	1	55 17
126	39	0.4	1	26 13
127	56	0.4	1	39 17
128	50	0.4	1	29 21
129	85	0.4	1	23 62
130	92	0.4	1	23 69
131	117	0.4	1	50 67
132	190	0.4	1	31 159
133	105	0.4	1	19 86
134	118	0.4	1	17 101
135	78	0.4	1	10 68
136	46	0.4	1	22 24
137	80	0.4	1	16 64
138	88	0.4	1	12 76
139	50	0.4	1	11 39
140	38	0.4	1	8 30
141	35	0.4	1	6 29
142	96	0.4	1	8 88
143	133	0.4	1	4 129
144	516	0.4	1	2 514
145	28	0.4	1	2 26
146	94	0.4	1	4 90
147	52	0.4	1	3 49
148	227	0.4	1	11 216
149	51	0.4	1	5 46
150	17	0.4	1	1 16
151	159	0.4	1	1 158

RUN STATISTICS FOR INPUT FILE: /home/george_a/Documentos/Mtb_UAM_unizar/Analysis/Outputs/2_Reports/raw_fastqc/12_1_C11R6_F2_1.fastq.gz
=============================================
29596055 sequences processed in total

