
SUMMARISING RUN PARAMETERS
==========================
Input filename: /home/george_a/Documentos/Mtb_UAM_unizar/Analysis/Outputs/2_Reports/raw_fastqc/11_10_AN_F2C7_1.fastq.gz
Trimming mode: paired-end
Trim Galore version: 0.6.7
Cutadapt version: 3.5
Python version: 3.10.6
Number of cores used for trimming: 7
Quality Phred score cutoff: 20
Quality encoding type selected: ASCII+33
Using Illumina adapter for trimming (count: 97517). Second best hit was smallRNA (count: 25)
Adapter sequence: 'AGATCGGAAGAGC' (Illumina TruSeq, Sanger iPCR; auto-detected)
Maximum trimming error rate: 0.1 (default)
Minimum required adapter overlap (stringency): 5 bp
Minimum required sequence length for both reads before a sequence pair gets removed: 20 bp
Removing Ns from the start and end of reads
Running FastQC on the data once trimming has completed
Output file will be GZIP compressed


This is cutadapt 3.5 with Python 3.10.6
Command line parameters: -j 7 -e 0.1 -q 20 -O 5 --trim-n -a AGATCGGAAGAGC /home/george_a/Documentos/Mtb_UAM_unizar/Analysis/Outputs/2_Reports/raw_fastqc/11_10_AN_F2C7_1.fastq.gz
Processing reads on 7 cores in single-end mode ...
Finished in 95.45 s (3 µs/read; 17.46 M reads/minute).

=== Summary ===

Total reads processed:              27,768,463
Reads with adapters:                 3,762,694 (13.6%)
Reads written (passing filters):    27,768,463 (100.0%)

Total basepairs processed: 4,193,037,913 bp
Quality-trimmed:               5,271,633 bp (0.1%)
Total written (filtered):  4,094,916,401 bp (97.7%)

=== Adapter 1 ===

Sequence: AGATCGGAAGAGC; Type: regular 3'; Length: 13; Trimmed: 3762694 times

Minimum overlap: 5
No. of allowed errors:
1-9 bp: 0; 10-13 bp: 1

Bases preceding removed adapters:
  A: 7.4%
  C: 39.2%
  G: 44.7%
  T: 8.8%
  none/other: 0.0%

Overview of removed sequences
length	count	expect	max.err	error counts
5	147492	27117.6	0	147492
6	137172	6779.4	0	137172
7	118583	1694.9	0	118583
8	132388	423.7	0	132388
9	116809	105.9	0	116350 459
10	113853	26.5	1	111363 2490
11	117953	6.6	1	113764 4189
12	113677	1.7	1	111020 2657
13	117015	0.4	1	113872 3143
14	104693	0.4	1	101228 3465
15	104608	0.4	1	101431 3177
16	101099	0.4	1	97799 3300
17	103674	0.4	1	99451 4223
18	105288	0.4	1	102918 2370
19	78333	0.4	1	76318 2015
20	89388	0.4	1	86906 2482
21	88041	0.4	1	85864 2177
22	81371	0.4	1	79448 1923
23	94150	0.4	1	91563 2587
24	83998	0.4	1	80641 3357
25	82494	0.4	1	80113 2381
26	68664	0.4	1	67042 1622
27	73268	0.4	1	71391 1877
28	73237	0.4	1	71081 2156
29	71372	0.4	1	68959 2413
30	70730	0.4	1	69042 1688
31	61914	0.4	1	60503 1411
32	64099	0.4	1	62553 1546
33	63081	0.4	1	61038 2043
34	63563	0.4	1	61501 2062
35	60555	0.4	1	59189 1366
36	53574	0.4	1	52258 1316
37	50092	0.4	1	48916 1176
38	50972	0.4	1	49802 1170
39	51190	0.4	1	49392 1798
40	43998	0.4	1	42818 1180
41	47600	0.4	1	46058 1542
42	38370	0.4	1	37341 1029
43	42461	0.4	1	40860 1601
44	34774	0.4	1	33830 944
45	52834	0.4	1	51926 908
46	9836	0.4	1	9468 368
47	26093	0.4	1	25548 545
48	32198	0.4	1	31445 753
49	28002	0.4	1	27357 645
50	24920	0.4	1	24360 560
51	28838	0.4	1	28102 736
52	21114	0.4	1	20648 466
53	18452	0.4	1	18040 412
54	18504	0.4	1	17993 511
55	22119	0.4	1	21588 531
56	15671	0.4	1	15314 357
57	15628	0.4	1	15274 354
58	16483	0.4	1	16155 328
59	13553	0.4	1	13237 316
60	6988	0.4	1	6820 168
61	6457	0.4	1	6247 210
62	13055	0.4	1	12806 249
63	7935	0.4	1	7735 200
64	6722	0.4	1	6575 147
65	5313	0.4	1	5184 129
66	9530	0.4	1	9334 196
67	5325	0.4	1	5191 134
68	7320	0.4	1	7174 146
69	3003	0.4	1	2897 106
70	1620	0.4	1	1524 96
71	668	0.4	1	612 56
72	1385	0.4	1	1330 55
73	2179	0.4	1	2123 56
74	2232	0.4	1	2121 111
75	1859	0.4	1	1801 58
76	1751	0.4	1	1700 51
77	1454	0.4	1	1398 56
78	1476	0.4	1	1398 78
79	1227	0.4	1	1158 69
80	1006	0.4	1	921 85
81	975	0.4	1	894 81
82	852	0.4	1	798 54
83	675	0.4	1	631 44
84	609	0.4	1	561 48
85	537	0.4	1	498 39
86	555	0.4	1	445 110
87	556	0.4	1	405 151
88	520	0.4	1	339 181
89	467	0.4	1	312 155
90	416	0.4	1	333 83
91	326	0.4	1	276 50
92	281	0.4	1	212 69
93	316	0.4	1	171 145
94	237	0.4	1	186 51
95	317	0.4	1	158 159
96	554	0.4	1	142 412
97	176	0.4	1	131 45
98	312	0.4	1	101 211
99	223	0.4	1	118 105
100	139	0.4	1	105 34
101	305	0.4	1	108 197
102	137	0.4	1	79 58
103	200	0.4	1	90 110
104	145	0.4	1	77 68
105	88	0.4	1	60 28
106	97	0.4	1	77 20
107	108	0.4	1	53 55
108	78	0.4	1	54 24
109	71	0.4	1	52 19
110	60	0.4	1	44 16
111	54	0.4	1	48 6
112	63	0.4	1	53 10
113	80	0.4	1	55 25
114	70	0.4	1	48 22
115	52	0.4	1	37 15
116	54	0.4	1	41 13
117	115	0.4	1	45 70
118	68	0.4	1	38 30
119	65	0.4	1	44 21
120	42	0.4	1	31 11
121	39	0.4	1	25 14
122	124	0.4	1	33 91
123	98	0.4	1	36 62
124	63	0.4	1	19 44
125	50	0.4	1	31 19
126	48	0.4	1	34 14
127	44	0.4	1	19 25
128	65	0.4	1	28 37
129	81	0.4	1	23 58
130	75	0.4	1	23 52
131	98	0.4	1	20 78
132	199	0.4	1	31 168
133	128	0.4	1	24 104
134	128	0.4	1	15 113
135	71	0.4	1	22 49
136	36	0.4	1	20 16
137	57	0.4	1	19 38
138	120	0.4	1	27 93
139	70	0.4	1	13 57
140	90	0.4	1	6 84
141	60	0.4	1	9 51
142	265	0.4	1	5 260
143	399	0.4	1	1 398
144	618	0.4	1	1 617
145	34	0.4	1	1 33
146	80	0.4	1	7 73
147	28	0.4	1	5 23
148	120	0.4	1	2 118
149	43	0.4	1	0 43
150	18	0.4	1	0 18
151	7	0.4	1	1 6

RUN STATISTICS FOR INPUT FILE: /home/george_a/Documentos/Mtb_UAM_unizar/Analysis/Outputs/2_Reports/raw_fastqc/11_10_AN_F2C7_1.fastq.gz
=============================================
27768463 sequences processed in total

