
SUMMARISING RUN PARAMETERS
==========================
Input filename: /home/george_a/Documentos/Mtb_UAM_unizar/Analysis/Outputs/2_Reports/raw_fastqc/11_10_ANmF2C7_1.fastq.gz
Trimming mode: paired-end
Trim Galore version: 0.6.7
Cutadapt version: 3.5
Python version: 3.10.6
Number of cores used for trimming: 7
Quality Phred score cutoff: 20
Quality encoding type selected: ASCII+33
Using Illumina adapter for trimming (count: 116811). Second best hit was smallRNA (count: 25)
Adapter sequence: 'AGATCGGAAGAGC' (Illumina TruSeq, Sanger iPCR; auto-detected)
Maximum trimming error rate: 0.1 (default)
Minimum required adapter overlap (stringency): 5 bp
Minimum required sequence length for both reads before a sequence pair gets removed: 20 bp
Removing Ns from the start and end of reads
Running FastQC on the data once trimming has completed
Output file will be GZIP compressed


This is cutadapt 3.5 with Python 3.10.6
Command line parameters: -j 7 -e 0.1 -q 20 -O 5 --trim-n -a AGATCGGAAGAGC /home/george_a/Documentos/Mtb_UAM_unizar/Analysis/Outputs/2_Reports/raw_fastqc/11_10_ANmF2C7_1.fastq.gz
Processing reads on 7 cores in single-end mode ...
Finished in 102.35 s (3 µs/read; 17.44 M reads/minute).

=== Summary ===

Total reads processed:              29,746,213
Reads with adapters:                 4,958,082 (16.7%)
Reads written (passing filters):    29,746,213 (100.0%)

Total basepairs processed: 4,491,678,163 bp
Quality-trimmed:               7,574,752 bp (0.2%)
Total written (filtered):  4,369,667,260 bp (97.3%)

=== Adapter 1 ===

Sequence: AGATCGGAAGAGC; Type: regular 3'; Length: 13; Trimmed: 4958082 times

Minimum overlap: 5
No. of allowed errors:
1-9 bp: 0; 10-13 bp: 1

Bases preceding removed adapters:
  A: 7.7%
  C: 41.2%
  G: 42.5%
  T: 8.5%
  none/other: 0.0%

Overview of removed sequences
length	count	expect	max.err	error counts
5	198991	29049.0	0	198991
6	188101	7262.3	0	188101
7	165650	1815.6	0	165650
8	183081	453.9	0	183081
9	163164	113.5	0	162587 577
10	158486	28.4	1	155098 3388
11	166420	7.1	1	160500 5920
12	160045	1.8	1	156249 3796
13	164633	0.4	1	160059 4574
14	148801	0.4	1	144034 4767
15	146462	0.4	1	142107 4355
16	141851	0.4	1	137468 4383
17	144554	0.4	1	138710 5844
18	145194	0.4	1	141948 3246
19	107479	0.4	1	104871 2608
20	124109	0.4	1	120525 3584
21	122176	0.4	1	119073 3103
22	110904	0.4	1	108277 2627
23	130040	0.4	1	126497 3543
24	112871	0.4	1	108330 4541
25	112380	0.4	1	109330 3050
26	93037	0.4	1	90990 2047
27	98826	0.4	1	96201 2625
28	96482	0.4	1	93565 2917
29	94995	0.4	1	91807 3188
30	93512	0.4	1	91427 2085
31	80268	0.4	1	78437 1831
32	85394	0.4	1	83354 2040
33	80643	0.4	1	78334 2309
34	78409	0.4	1	76258 2151
35	80567	0.4	1	77771 2796
36	72159	0.4	1	70354 1805
37	62306	0.4	1	60976 1330
38	64116	0.4	1	62581 1535
39	65063	0.4	1	63451 1612
40	52416	0.4	1	50465 1951
41	52534	0.4	1	51434 1100
42	49309	0.4	1	47843 1466
43	47405	0.4	1	45437 1968
44	44521	0.4	1	43231 1290
45	63170	0.4	1	61899 1271
46	13712	0.4	1	13238 474
47	32911	0.4	1	31877 1034
48	115411	0.4	1	113203 2208
49	119389	0.4	1	117360 2029
50	16874	0.4	1	16294 580
51	19948	0.4	1	19521 427
52	13773	0.4	1	13427 346
53	8338	0.4	1	8099 239
54	2384	0.4	1	2225 159
55	12863	0.4	1	12566 297
56	7866	0.4	1	7666 200
57	2338	0.4	1	2256 82
58	1891	0.4	1	1837 54
59	1294	0.4	1	1231 63
60	947	0.4	1	900 47
61	973	0.4	1	912 61
62	4404	0.4	1	4300 104
63	2142	0.4	1	2064 78
64	1458	0.4	1	1411 47
65	913	0.4	1	880 33
66	2592	0.4	1	2535 57
67	383	0.4	1	353 30
68	383	0.4	1	354 29
69	579	0.4	1	557 22
70	576	0.4	1	557 19
71	234	0.4	1	181 53
72	177	0.4	1	155 22
73	487	0.4	1	461 26
74	943	0.4	1	883 60
75	1235	0.4	1	1196 39
76	1236	0.4	1	1198 38
77	1235	0.4	1	1180 55
78	1289	0.4	1	1238 51
79	1046	0.4	1	999 47
80	935	0.4	1	854 81
81	844	0.4	1	791 53
82	789	0.4	1	728 61
83	619	0.4	1	568 51
84	534	0.4	1	493 41
85	437	0.4	1	410 27
86	519	0.4	1	420 99
87	498	0.4	1	383 115
88	524	0.4	1	318 206
89	485	0.4	1	332 153
90	430	0.4	1	304 126
91	276	0.4	1	218 58
92	244	0.4	1	200 44
93	306	0.4	1	171 135
94	263	0.4	1	207 56
95	301	0.4	1	158 143
96	693	0.4	1	151 542
97	190	0.4	1	140 50
98	406	0.4	1	138 268
99	214	0.4	1	103 111
100	155	0.4	1	114 41
101	322	0.4	1	114 208
102	118	0.4	1	86 32
103	189	0.4	1	77 112
104	150	0.4	1	95 55
105	121	0.4	1	86 35
106	80	0.4	1	59 21
107	106	0.4	1	62 44
108	90	0.4	1	66 24
109	89	0.4	1	70 19
110	81	0.4	1	61 20
111	83	0.4	1	68 15
112	63	0.4	1	48 15
113	58	0.4	1	34 24
114	75	0.4	1	70 5
115	56	0.4	1	43 13
116	64	0.4	1	46 18
117	107	0.4	1	60 47
118	49	0.4	1	34 15
119	79	0.4	1	44 35
120	55	0.4	1	43 12
121	45	0.4	1	33 12
122	126	0.4	1	34 92
123	89	0.4	1	41 48
124	97	0.4	1	49 48
125	53	0.4	1	38 15
126	58	0.4	1	39 19
127	45	0.4	1	31 14
128	86	0.4	1	34 52
129	109	0.4	1	32 77
130	102	0.4	1	22 80
131	138	0.4	1	26 112
132	230	0.4	1	29 201
133	164	0.4	1	32 132
134	148	0.4	1	33 115
135	70	0.4	1	25 45
136	50	0.4	1	29 21
137	78	0.4	1	21 57
138	84	0.4	1	13 71
139	75	0.4	1	10 65
140	74	0.4	1	16 58
141	57	0.4	1	4 53
142	237	0.4	1	15 222
143	394	0.4	1	3 391
144	605	0.4	1	4 601
145	54	0.4	1	6 48
146	84	0.4	1	3 81
147	51	0.4	1	3 48
148	159	0.4	1	5 154
149	38	0.4	1	1 37
150	22	0.4	1	0 22
151	15	0.4	1	0 15

RUN STATISTICS FOR INPUT FILE: /home/george_a/Documentos/Mtb_UAM_unizar/Analysis/Outputs/2_Reports/raw_fastqc/11_10_ANmF2C7_1.fastq.gz
=============================================
29746213 sequences processed in total

