
SUMMARISING RUN PARAMETERS
==========================
Input filename: /home/george_a/Documentos/Mtb_UAM_unizar/Analysis/Outputs/2_Reports/raw_fastqc/10_3MMmADN_F1C1_1.fastq.gz
Trimming mode: paired-end
Trim Galore version: 0.6.7
Cutadapt version: 3.5
Python version: 3.10.6
Number of cores used for trimming: 7
Quality Phred score cutoff: 20
Quality encoding type selected: ASCII+33
Using Illumina adapter for trimming (count: 110473). Second best hit was smallRNA (count: 97)
Adapter sequence: 'AGATCGGAAGAGC' (Illumina TruSeq, Sanger iPCR; auto-detected)
Maximum trimming error rate: 0.1 (default)
Minimum required adapter overlap (stringency): 5 bp
Minimum required sequence length for both reads before a sequence pair gets removed: 20 bp
Removing Ns from the start and end of reads
Running FastQC on the data once trimming has completed
Output file will be GZIP compressed


This is cutadapt 3.5 with Python 3.10.6
Command line parameters: -j 7 -e 0.1 -q 20 -O 5 --trim-n -a AGATCGGAAGAGC /home/george_a/Documentos/Mtb_UAM_unizar/Analysis/Outputs/2_Reports/raw_fastqc/10_3MMmADN_F1C1_1.fastq.gz
Processing reads on 7 cores in single-end mode ...
Finished in 93.23 s (4 µs/read; 16.99 M reads/minute).

=== Summary ===

Total reads processed:              26,393,692
Reads with adapters:                 4,205,639 (15.9%)
Reads written (passing filters):    26,393,692 (100.0%)

Total basepairs processed: 3,985,447,492 bp
Quality-trimmed:               4,723,081 bp (0.1%)
Total written (filtered):  3,881,739,104 bp (97.4%)

=== Adapter 1 ===

Sequence: AGATCGGAAGAGC; Type: regular 3'; Length: 13; Trimmed: 4205639 times

Minimum overlap: 5
No. of allowed errors:
1-9 bp: 0; 10-13 bp: 1

Bases preceding removed adapters:
  A: 7.8%
  C: 33.4%
  G: 47.2%
  T: 11.5%
  none/other: 0.0%

Overview of removed sequences
length	count	expect	max.err	error counts
5	168202	25775.1	0	168202
6	158920	6443.8	0	158920
7	142536	1610.9	0	142536
8	148234	402.7	0	148234
9	136927	100.7	0	136381 546
10	133949	25.2	1	130829 3120
11	134314	6.3	1	129872 4442
12	131452	1.6	1	128013 3439
13	129819	0.4	1	125891 3928
14	119312	0.4	1	115433 3879
15	125485	0.4	1	121474 4011
16	115186	0.4	1	111403 3783
17	119950	0.4	1	114653 5297
18	125350	0.4	1	121893 3457
19	93922	0.4	1	91402 2520
20	107525	0.4	1	104131 3394
21	105695	0.4	1	102826 2869
22	102430	0.4	1	99580 2850
23	102059	0.4	1	98981 3078
24	96767	0.4	1	93104 3663
25	94521	0.4	1	91688 2833
26	80258	0.4	1	78236 2022
27	84798	0.4	1	82422 2376
28	83777	0.4	1	81143 2634
29	83796	0.4	1	80828 2968
30	84398	0.4	1	82247 2151
31	77227	0.4	1	75370 1857
32	76202	0.4	1	74254 1948
33	72284	0.4	1	69886 2398
34	67914	0.4	1	66089 1825
35	65292	0.4	1	63357 1935
36	62501	0.4	1	60298 2203
37	56517	0.4	1	54559 1958
38	52968	0.4	1	51591 1377
39	49622	0.4	1	48115 1507
40	47405	0.4	1	45853 1552
41	44895	0.4	1	43743 1152
42	40676	0.4	1	39395 1281
43	43897	0.4	1	42097 1800
44	37317	0.4	1	36034 1283
45	57075	0.4	1	56042 1033
46	10602	0.4	1	10073 529
47	26119	0.4	1	25503 616
48	37219	0.4	1	36207 1012
49	31626	0.4	1	30915 711
50	14811	0.4	1	14233 578
51	26210	0.4	1	25498 712
52	20982	0.4	1	20408 574
53	14430	0.4	1	14043 387
54	16508	0.4	1	15973 535
55	25162	0.4	1	24573 589
56	14929	0.4	1	14575 354
57	12017	0.4	1	11701 316
58	11755	0.4	1	11483 272
59	12396	0.4	1	12160 236
60	3390	0.4	1	3262 128
61	3815	0.4	1	3656 159
62	12741	0.4	1	12469 272
63	4389	0.4	1	4266 123
64	3707	0.4	1	3629 78
65	3534	0.4	1	3403 131
66	8878	0.4	1	8691 187
67	2118	0.4	1	2046 72
68	3175	0.4	1	3103 72
69	1489	0.4	1	1436 53
70	637	0.4	1	591 46
71	409	0.4	1	358 51
72	834	0.4	1	785 49
73	1455	0.4	1	1405 50
74	1490	0.4	1	1426 64
75	1303	0.4	1	1263 40
76	1144	0.4	1	1095 49
77	1026	0.4	1	983 43
78	967	0.4	1	925 42
79	768	0.4	1	733 35
80	697	0.4	1	633 64
81	616	0.4	1	558 58
82	539	0.4	1	486 53
83	443	0.4	1	412 31
84	419	0.4	1	390 29
85	364	0.4	1	333 31
86	454	0.4	1	321 133
87	435	0.4	1	272 163
88	448	0.4	1	232 216
89	349	0.4	1	228 121
90	256	0.4	1	185 71
91	207	0.4	1	174 33
92	215	0.4	1	164 51
93	219	0.4	1	137 82
94	187	0.4	1	132 55
95	243	0.4	1	116 127
96	402	0.4	1	109 293
97	129	0.4	1	102 27
98	190	0.4	1	68 122
99	195	0.4	1	75 120
100	111	0.4	1	73 38
101	305	0.4	1	97 208
102	99	0.4	1	67 32
103	165	0.4	1	66 99
104	87	0.4	1	58 29
105	87	0.4	1	64 23
106	87	0.4	1	66 21
107	81	0.4	1	61 20
108	67	0.4	1	48 19
109	82	0.4	1	63 19
110	77	0.4	1	54 23
111	56	0.4	1	47 9
112	56	0.4	1	45 11
113	73	0.4	1	44 29
114	72	0.4	1	55 17
115	58	0.4	1	45 13
116	55	0.4	1	42 13
117	67	0.4	1	42 25
118	59	0.4	1	50 9
119	44	0.4	1	34 10
120	65	0.4	1	35 30
121	54	0.4	1	36 18
122	118	0.4	1	33 85
123	68	0.4	1	36 32
124	64	0.4	1	44 20
125	47	0.4	1	36 11
126	50	0.4	1	39 11
127	74	0.4	1	54 20
128	60	0.4	1	29 31
129	74	0.4	1	23 51
130	106	0.4	1	23 83
131	184	0.4	1	23 161
132	194	0.4	1	26 168
133	145	0.4	1	27 118
134	121	0.4	1	23 98
135	57	0.4	1	13 44
136	33	0.4	1	12 21
137	51	0.4	1	25 26
138	60	0.4	1	18 42
139	83	0.4	1	11 72
140	170	0.4	1	11 159
141	142	0.4	1	6 136
142	395	0.4	1	5 390
143	454	0.4	1	2 452
144	437	0.4	1	2 435
145	17	0.4	1	3 14
146	32	0.4	1	2 30
147	13	0.4	1	2 11
148	42	0.4	1	0 42
149	9	0.4	1	2 7
150	4	0.4	1	0 4
151	12	0.4	1	0 12

RUN STATISTICS FOR INPUT FILE: /home/george_a/Documentos/Mtb_UAM_unizar/Analysis/Outputs/2_Reports/raw_fastqc/10_3MMmADN_F1C1_1.fastq.gz
=============================================
26393692 sequences processed in total

