
SUMMARISING RUN PARAMETERS
==========================
Input filename: /home/george_a/Documentos/Mtb_UAM_unizar/Analysis/Outputs/2_Reports/raw_fastqc/18_03_ANmF2C8r_1.fastq.gz
Trimming mode: paired-end
Trim Galore version: 0.6.7
Cutadapt version: 3.5
Python version: 3.10.6
Number of cores used for trimming: 7
Quality Phred score cutoff: 20
Quality encoding type selected: ASCII+33
Using Illumina adapter for trimming (count: 338645). Second best hit was smallRNA (count: 13)
Adapter sequence: 'AGATCGGAAGAGC' (Illumina TruSeq, Sanger iPCR; auto-detected)
Maximum trimming error rate: 0.1 (default)
Minimum required adapter overlap (stringency): 5 bp
Minimum required sequence length for both reads before a sequence pair gets removed: 20 bp
Removing Ns from the start and end of reads
Running FastQC on the data once trimming has completed
Output file will be GZIP compressed


This is cutadapt 3.5 with Python 3.10.6
Command line parameters: -j 7 -e 0.1 -q 20 -O 5 --trim-n -a AGATCGGAAGAGC /home/george_a/Documentos/Mtb_UAM_unizar/Analysis/Outputs/2_Reports/raw_fastqc/18_03_ANmF2C8r_1.fastq.gz
Processing reads on 7 cores in single-end mode ...
Finished in 79.30 s (3 µs/read; 22.59 M reads/minute).

=== Summary ===

Total reads processed:              29,860,332
Reads with adapters:                12,690,749 (42.5%)
Reads written (passing filters):    29,860,332 (100.0%)

Total basepairs processed: 4,508,910,132 bp
Quality-trimmed:              11,320,215 bp (0.3%)
Total written (filtered):  4,134,281,564 bp (91.7%)

=== Adapter 1 ===

Sequence: AGATCGGAAGAGC; Type: regular 3'; Length: 13; Trimmed: 12690749 times

Minimum overlap: 5
No. of allowed errors:
1-9 bp: 0; 10-13 bp: 1

Bases preceding removed adapters:
  A: 8.4%
  C: 43.7%
  G: 40.1%
  T: 7.7%
  none/other: 0.0%

Overview of removed sequences
length	count	expect	max.err	error counts
5	265516	29160.5	0	265516
6	277815	7290.1	0	277815
7	241765	1822.5	0	241765
8	305066	455.6	0	305066
9	266086	113.9	0	265427 659
10	278994	28.5	1	274682 4312
11	291231	7.1	1	284721 6510
12	288791	1.8	1	283108 5683
13	359180	0.4	1	352310 6870
14	282429	0.4	1	275990 6439
15	297917	0.4	1	291066 6851
16	291514	0.4	1	284969 6545
17	283132	0.4	1	274517 8615
18	314512	0.4	1	308332 6180
19	227887	0.4	1	223743 4144
20	263175	0.4	1	257706 5469
21	257420	0.4	1	252755 4665
22	260877	0.4	1	255732 5145
23	324387	0.4	1	318275 6112
24	277035	0.4	1	269367 7668
25	261577	0.4	1	256038 5539
26	235071	0.4	1	230871 4200
27	247227	0.4	1	242195 5032
28	276385	0.4	1	271108 5277
29	276281	0.4	1	270320 5961
30	273589	0.4	1	268980 4609
31	256986	0.4	1	252803 4183
32	261478	0.4	1	256797 4681
33	262399	0.4	1	257510 4889
34	236204	0.4	1	231740 4464
35	251713	0.4	1	246513 5200
36	236048	0.4	1	232256 3792
37	223279	0.4	1	219376 3903
38	292379	0.4	1	287119 5260
39	218256	0.4	1	214449 3807
40	219294	0.4	1	214974 4320
41	243848	0.4	1	238430 5418
42	191120	0.4	1	187237 3883
43	211067	0.4	1	205786 5281
44	142216	0.4	1	139152 3064
45	277745	0.4	1	274097 3648
46	27678	0.4	1	26437 1241
47	112633	0.4	1	108929 3704
48	776513	0.4	1	768753 7760
49	163597	0.4	1	160260 3337
50	15073	0.4	1	14010 1063
51	151219	0.4	1	149262 1957
52	116324	0.4	1	114831 1493
53	11160	0.4	1	10593 567
54	63155	0.4	1	62158 997
55	130127	0.4	1	128831 1296
56	24857	0.4	1	24295 562
57	7475	0.4	1	7255 220
58	6240	0.4	1	6015 225
59	16794	0.4	1	16515 279
60	2575	0.4	1	2460 115
61	5034	0.4	1	4796 238
62	53284	0.4	1	52720 564
63	6825	0.4	1	6614 211
64	6329	0.4	1	6173 156
65	8008	0.4	1	7782 226
66	31644	0.4	1	31277 367
67	1938	0.4	1	1811 127
68	8255	0.4	1	8117 138
69	8432	0.4	1	8276 156
70	5399	0.4	1	5292 107
71	1085	0.4	1	1022 63
72	3337	0.4	1	3271 66
73	9609	0.4	1	9464 145
74	13136	0.4	1	12929 207
75	10748	0.4	1	10582 166
76	11044	0.4	1	10917 127
77	9558	0.4	1	9387 171
78	9450	0.4	1	9273 177
79	9251	0.4	1	9102 149
80	7130	0.4	1	6969 161
81	7079	0.4	1	6972 107
82	6982	0.4	1	6871 111
83	5638	0.4	1	5535 103
84	4847	0.4	1	4746 101
85	3323	0.4	1	3252 71
86	3931	0.4	1	3863 68
87	3938	0.4	1	3859 79
88	3776	0.4	1	3687 89
89	4983	0.4	1	4879 104
90	3524	0.4	1	3429 95
91	3431	0.4	1	3368 63
92	2731	0.4	1	2665 66
93	2503	0.4	1	2431 72
94	2875	0.4	1	2797 78
95	2791	0.4	1	2709 82
96	2401	0.4	1	2296 105
97	2599	0.4	1	2552 47
98	1965	0.4	1	1838 127
99	1760	0.4	1	1705 55
100	1543	0.4	1	1501 42
101	1755	0.4	1	1677 78
102	1462	0.4	1	1421 41
103	1437	0.4	1	1376 61
104	1477	0.4	1	1441 36
105	1582	0.4	1	1541 41
106	1333	0.4	1	1294 39
107	1659	0.4	1	1612 47
108	1061	0.4	1	1035 26
109	837	0.4	1	813 24
110	797	0.4	1	777 20
111	822	0.4	1	803 19
112	687	0.4	1	663 24
113	593	0.4	1	569 24
114	819	0.4	1	786 33
115	652	0.4	1	632 20
116	691	0.4	1	665 26
117	867	0.4	1	847 20
118	555	0.4	1	540 15
119	490	0.4	1	467 23
120	475	0.4	1	464 11
121	400	0.4	1	381 19
122	356	0.4	1	322 34
123	328	0.4	1	303 25
124	313	0.4	1	300 13
125	274	0.4	1	259 15
126	199	0.4	1	192 7
127	309	0.4	1	294 15
128	210	0.4	1	197 13
129	208	0.4	1	194 14
130	193	0.4	1	167 26
131	157	0.4	1	135 22
132	175	0.4	1	138 37
133	161	0.4	1	127 34
134	149	0.4	1	104 45
135	99	0.4	1	76 23
136	87	0.4	1	76 11
137	84	0.4	1	70 14
138	74	0.4	1	57 17
139	62	0.4	1	55 7
140	27	0.4	1	19 8
141	19	0.4	1	12 7
142	34	0.4	1	19 15
143	39	0.4	1	6 33
144	124	0.4	1	7 117
145	17	0.4	1	3 14
146	31	0.4	1	3 28
147	18	0.4	1	1 17
148	54	0.4	1	2 52
149	19	0.4	1	2 17
150	13	0.4	1	0 13
151	38	0.4	1	0 38

RUN STATISTICS FOR INPUT FILE: /home/george_a/Documentos/Mtb_UAM_unizar/Analysis/Outputs/2_Reports/raw_fastqc/18_03_ANmF2C8r_1.fastq.gz
=============================================
29860332 sequences processed in total

