
SUMMARISING RUN PARAMETERS
==========================
Input filename: /home/george_a/Documentos/Mtb_UAM_unizar/Analysis/Outputs/2_Reports/raw_fastqc/4_1.fastq.gz
Trimming mode: paired-end
Trim Galore version: 0.6.7
Cutadapt version: 3.5
Python version: 3.10.6
Number of cores used for trimming: 7
Quality Phred score cutoff: 20
Quality encoding type selected: ASCII+33
Using Illumina adapter for trimming (count: 144046). Second best hit was smallRNA (count: 51)
Adapter sequence: 'AGATCGGAAGAGC' (Illumina TruSeq, Sanger iPCR; auto-detected)
Maximum trimming error rate: 0.1 (default)
Minimum required adapter overlap (stringency): 5 bp
Minimum required sequence length for both reads before a sequence pair gets removed: 20 bp
Removing Ns from the start and end of reads
Running FastQC on the data once trimming has completed
Output file will be GZIP compressed


This is cutadapt 3.5 with Python 3.10.6
Command line parameters: -j 7 -e 0.1 -q 20 -O 5 --trim-n -a AGATCGGAAGAGC /home/george_a/Documentos/Mtb_UAM_unizar/Analysis/Outputs/2_Reports/raw_fastqc/4_1.fastq.gz
Processing reads on 7 cores in single-end mode ...
Finished in 107.23 s (4 µs/read; 16.68 M reads/minute).

=== Summary ===

Total reads processed:              29,803,769
Reads with adapters:                 5,883,662 (19.7%)
Reads written (passing filters):    29,803,769 (100.0%)

Total basepairs processed: 4,500,369,119 bp
Quality-trimmed:              10,569,411 bp (0.2%)
Total written (filtered):  4,335,100,362 bp (96.3%)

=== Adapter 1 ===

Sequence: AGATCGGAAGAGC; Type: regular 3'; Length: 13; Trimmed: 5883662 times

Minimum overlap: 5
No. of allowed errors:
1-9 bp: 0; 10-13 bp: 1

Bases preceding removed adapters:
  A: 9.7%
  C: 40.5%
  G: 42.0%
  T: 7.8%
  none/other: 0.0%

Overview of removed sequences
length	count	expect	max.err	error counts
5	197152	29105.2	0	197152
6	183089	7276.3	0	183089
7	168815	1819.1	0	168815
8	178687	454.8	0	178687
9	165118	113.7	0	164212 906
10	159131	28.4	1	153236 5895
11	167050	7.1	1	157333 9717
12	160398	1.8	1	153064 7334
13	158806	0.4	1	150573 8233
14	157172	0.4	1	147808 9364
15	146718	0.4	1	138647 8071
16	149732	0.4	1	140150 9582
17	156454	0.4	1	145088 11366
18	147032	0.4	1	140550 6482
19	123362	0.4	1	117518 5844
20	132442	0.4	1	125431 7011
21	136173	0.4	1	129538 6635
22	125719	0.4	1	119696 6023
23	132704	0.4	1	125897 6807
24	134554	0.4	1	125251 9303
25	129644	0.4	1	122808 6836
26	113689	0.4	1	108741 4948
27	119207	0.4	1	113337 5870
28	116925	0.4	1	110310 6615
29	120577	0.4	1	112980 7597
30	111383	0.4	1	106638 4745
31	108781	0.4	1	103836 4945
32	110157	0.4	1	105117 5040
33	106286	0.4	1	100138 6148
34	109762	0.4	1	103076 6686
35	95259	0.4	1	90868 4391
36	97820	0.4	1	93436 4384
37	91879	0.4	1	87222 4657
38	88028	0.4	1	83813 4215
39	83477	0.4	1	79382 4095
40	74790	0.4	1	71046 3744
41	75758	0.4	1	71911 3847
42	78238	0.4	1	73717 4521
43	77566	0.4	1	73239 4327
44	55492	0.4	1	52402 3090
45	103786	0.4	1	100750 3036
46	14527	0.4	1	12987 1540
47	46177	0.4	1	44000 2177
48	77600	0.4	1	74095 3505
49	56860	0.4	1	54792 2068
50	24098	0.4	1	22535 1563
51	52827	0.4	1	50512 2315
52	41276	0.4	1	39621 1655
53	26766	0.4	1	25609 1157
54	35179	0.4	1	33275 1904
55	60832	0.4	1	58903 1929
56	31059	0.4	1	29744 1315
57	26415	0.4	1	25483 932
58	25214	0.4	1	24260 954
59	29709	0.4	1	28838 871
60	6959	0.4	1	6598 361
61	8080	0.4	1	7455 625
62	32465	0.4	1	31535 930
63	10683	0.4	1	10229 454
64	7998	0.4	1	7656 342
65	9143	0.4	1	8542 601
66	26686	0.4	1	26069 617
67	4671	0.4	1	4365 306
68	8659	0.4	1	8415 244
69	3613	0.4	1	3454 159
70	1583	0.4	1	1485 98
71	1114	0.4	1	1013 101
72	3261	0.4	1	3126 135
73	4897	0.4	1	4740 157
74	5381	0.4	1	5124 257
75	4801	0.4	1	4595 206
76	4363	0.4	1	4190 173
77	3927	0.4	1	3760 167
78	3713	0.4	1	3547 166
79	3267	0.4	1	3130 137
80	2812	0.4	1	2695 117
81	2471	0.4	1	2353 118
82	2328	0.4	1	2206 122
83	1901	0.4	1	1804 97
84	1680	0.4	1	1588 92
85	1440	0.4	1	1374 66
86	1361	0.4	1	1269 92
87	1224	0.4	1	1119 105
88	1225	0.4	1	1065 160
89	1248	0.4	1	1056 192
90	1123	0.4	1	989 134
91	974	0.4	1	890 84
92	842	0.4	1	775 67
93	732	0.4	1	638 94
94	722	0.4	1	672 50
95	650	0.4	1	586 64
96	721	0.4	1	510 211
97	561	0.4	1	516 45
98	485	0.4	1	388 97
99	444	0.4	1	392 52
100	364	0.4	1	331 33
101	417	0.4	1	301 116
102	284	0.4	1	256 28
103	325	0.4	1	260 65
104	235	0.4	1	200 35
105	213	0.4	1	175 38
106	182	0.4	1	155 27
107	177	0.4	1	154 23
108	172	0.4	1	147 25
109	158	0.4	1	145 13
110	148	0.4	1	127 21
111	165	0.4	1	158 7
112	119	0.4	1	103 16
113	128	0.4	1	109 19
114	93	0.4	1	72 21
115	84	0.4	1	72 12
116	66	0.4	1	60 6
117	81	0.4	1	58 23
118	63	0.4	1	53 10
119	69	0.4	1	53 16
120	56	0.4	1	40 16
121	44	0.4	1	39 5
122	55	0.4	1	32 23
123	56	0.4	1	33 23
124	57	0.4	1	37 20
125	42	0.4	1	33 9
126	22	0.4	1	17 5
127	36	0.4	1	30 6
128	56	0.4	1	27 29
129	71	0.4	1	26 45
130	64	0.4	1	11 53
131	63	0.4	1	17 46
132	139	0.4	1	8 131
133	106	0.4	1	18 88
134	86	0.4	1	17 69
135	58	0.4	1	21 37
136	31	0.4	1	15 16
137	51	0.4	1	14 37
138	47	0.4	1	8 39
139	36	0.4	1	7 29
140	24	0.4	1	4 20
141	26	0.4	1	6 20
142	150	0.4	1	12 138
143	250	0.4	1	4 246
144	517	0.4	1	2 515
145	44	0.4	1	4 40
146	109	0.4	1	6 103
147	35	0.4	1	1 34
148	149	0.4	1	3 146
149	32	0.4	1	0 32
150	6	0.4	1	0 6
151	42	0.4	1	0 42

RUN STATISTICS FOR INPUT FILE: /home/george_a/Documentos/Mtb_UAM_unizar/Analysis/Outputs/2_Reports/raw_fastqc/4_1.fastq.gz
=============================================
29803769 sequences processed in total

