
SUMMARISING RUN PARAMETERS
==========================
Input filename: /home/george_a/Documentos/Mtb_UAM_unizar/Analysis/Outputs/2_Reports/raw_fastqc/29_11_AN_F2C15_1.fastq.gz
Trimming mode: paired-end
Trim Galore version: 0.6.7
Cutadapt version: 3.5
Python version: 3.10.6
Number of cores used for trimming: 7
Quality Phred score cutoff: 20
Quality encoding type selected: ASCII+33
Using Illumina adapter for trimming (count: 343971). Second best hit was smallRNA (count: 5)
Adapter sequence: 'AGATCGGAAGAGC' (Illumina TruSeq, Sanger iPCR; auto-detected)
Maximum trimming error rate: 0.1 (default)
Minimum required adapter overlap (stringency): 5 bp
Minimum required sequence length for both reads before a sequence pair gets removed: 20 bp
Removing Ns from the start and end of reads
Running FastQC on the data once trimming has completed
Output file will be GZIP compressed


This is cutadapt 3.5 with Python 3.10.6
Command line parameters: -j 7 -e 0.1 -q 20 -O 5 --trim-n -a AGATCGGAAGAGC /home/george_a/Documentos/Mtb_UAM_unizar/Analysis/Outputs/2_Reports/raw_fastqc/29_11_AN_F2C15_1.fastq.gz
Processing reads on 7 cores in single-end mode ...
Finished in 78.70 s (3 µs/read; 22.79 M reads/minute).

=== Summary ===

Total reads processed:              29,893,975
Reads with adapters:                12,835,552 (42.9%)
Reads written (passing filters):    29,893,975 (100.0%)

Total basepairs processed: 4,513,990,225 bp
Quality-trimmed:               5,216,612 bp (0.1%)
Total written (filtered):  4,125,490,245 bp (91.4%)

=== Adapter 1 ===

Sequence: AGATCGGAAGAGC; Type: regular 3'; Length: 13; Trimmed: 12835552 times

Minimum overlap: 5
No. of allowed errors:
1-9 bp: 0; 10-13 bp: 1

Bases preceding removed adapters:
  A: 8.1%
  C: 45.3%
  G: 38.5%
  T: 8.0%
  none/other: 0.0%

Overview of removed sequences
length	count	expect	max.err	error counts
5	247689	29193.3	0	247689
6	275222	7298.3	0	275222
7	245198	1824.6	0	245198
8	299428	456.1	0	299428
9	261473	114.0	0	260894 579
10	282262	28.5	1	277839 4423
11	295041	7.1	1	288902 6139
12	302411	1.8	1	296679 5732
13	369387	0.4	1	362420 6967
14	300051	0.4	1	293738 6313
15	309158	0.4	1	302821 6337
16	275983	0.4	1	269751 6232
17	281938	0.4	1	273884 8054
18	275185	0.4	1	269850 5335
19	231033	0.4	1	227246 3787
20	244755	0.4	1	240024 4731
21	243596	0.4	1	239068 4528
22	284147	0.4	1	279314 4833
23	293835	0.4	1	288304 5531
24	278053	0.4	1	270920 7133
25	253282	0.4	1	248246 5036
26	234327	0.4	1	230485 3842
27	232631	0.4	1	228029 4602
28	260392	0.4	1	255305 5087
29	265512	0.4	1	259942 5570
30	254595	0.4	1	250401 4194
31	252460	0.4	1	248644 3816
32	242571	0.4	1	238368 4203
33	269671	0.4	1	265033 4638
34	244136	0.4	1	239143 4993
35	255859	0.4	1	251885 3974
36	239945	0.4	1	236367 3578
37	268861	0.4	1	264353 4508
38	315797	0.4	1	311130 4667
39	192967	0.4	1	189747 3220
40	196653	0.4	1	193241 3412
41	215533	0.4	1	211364 4169
42	218734	0.4	1	215229 3505
43	207719	0.4	1	204335 3384
44	169360	0.4	1	165838 3522
45	225892	0.4	1	223076 2816
46	52381	0.4	1	51196 1185
47	109445	0.4	1	107684 1761
48	218303	0.4	1	215023 3280
49	172117	0.4	1	169887 2230
50	78564	0.4	1	76904 1660
51	170340	0.4	1	167778 2562
52	119349	0.4	1	117566 1783
53	62195	0.4	1	61229 966
54	90018	0.4	1	88511 1507
55	213239	0.4	1	210910 2329
56	92112	0.4	1	90788 1324
57	81328	0.4	1	80268 1060
58	65359	0.4	1	64390 969
59	82166	0.4	1	81242 924
60	17733	0.4	1	17417 316
61	15749	0.4	1	15343 406
62	100361	0.4	1	99368 993
63	31774	0.4	1	31293 481
64	18005	0.4	1	17707 298
65	20986	0.4	1	20597 389
66	72465	0.4	1	71758 707
67	16393	0.4	1	16018 375
68	38134	0.4	1	37699 435
69	18731	0.4	1	18454 277
70	8138	0.4	1	7984 154
71	3208	0.4	1	3128 80
72	8258	0.4	1	8125 133
73	15677	0.4	1	15468 209
74	17738	0.4	1	17511 227
75	15388	0.4	1	15160 228
76	14816	0.4	1	14608 208
77	12880	0.4	1	12654 226
78	12892	0.4	1	12702 190
79	10952	0.4	1	10746 206
80	9974	0.4	1	9775 199
81	10244	0.4	1	10097 147
82	9430	0.4	1	9267 163
83	7385	0.4	1	7268 117
84	6786	0.4	1	6688 98
85	4960	0.4	1	4864 96
86	5154	0.4	1	5071 83
87	4982	0.4	1	4897 85
88	4880	0.4	1	4786 94
89	5836	0.4	1	5722 114
90	4725	0.4	1	4621 104
91	5253	0.4	1	5149 104
92	4729	0.4	1	4629 100
93	4105	0.4	1	4002 103
94	4408	0.4	1	4318 90
95	3836	0.4	1	3757 79
96	3242	0.4	1	3119 123
97	3335	0.4	1	3274 61
98	3067	0.4	1	2951 116
99	2860	0.4	1	2802 58
100	2319	0.4	1	2264 55
101	2710	0.4	1	2613 97
102	2297	0.4	1	2242 55
103	2518	0.4	1	2432 86
104	2152	0.4	1	2101 51
105	2021	0.4	1	1985 36
106	1730	0.4	1	1693 37
107	2021	0.4	1	1977 44
108	1351	0.4	1	1318 33
109	1191	0.4	1	1158 33
110	1397	0.4	1	1351 46
111	1087	0.4	1	1062 25
112	1405	0.4	1	1379 26
113	1116	0.4	1	1092 24
114	1105	0.4	1	1075 30
115	886	0.4	1	865 21
116	964	0.4	1	943 21
117	902	0.4	1	876 26
118	754	0.4	1	741 13
119	713	0.4	1	692 21
120	573	0.4	1	555 18
121	615	0.4	1	603 12
122	343	0.4	1	323 20
123	461	0.4	1	445 16
124	345	0.4	1	325 20
125	365	0.4	1	350 15
126	362	0.4	1	357 5
127	332	0.4	1	315 17
128	260	0.4	1	247 13
129	255	0.4	1	235 20
130	199	0.4	1	178 21
131	182	0.4	1	147 35
132	197	0.4	1	126 71
133	132	0.4	1	102 30
134	130	0.4	1	93 37
135	131	0.4	1	109 22
136	96	0.4	1	86 10
137	107	0.4	1	91 16
138	69	0.4	1	45 24
139	38	0.4	1	30 8
140	28	0.4	1	16 12
141	13	0.4	1	8 5
142	33	0.4	1	14 19
143	82	0.4	1	3 79
144	176	0.4	1	2 174
145	8	0.4	1	1 7
146	41	0.4	1	6 35
147	16	0.4	1	1 15
148	94	0.4	1	3 91
149	19	0.4	1	4 15
150	5	0.4	1	0 5
151	79	0.4	1	0 79

RUN STATISTICS FOR INPUT FILE: /home/george_a/Documentos/Mtb_UAM_unizar/Analysis/Outputs/2_Reports/raw_fastqc/29_11_AN_F2C15_1.fastq.gz
=============================================
29893975 sequences processed in total

