"LogFC1" "LogFC2" "BH1" "BH2"
"Rv0003" -0.319790048852632 -0.395266466488995 0.012193051496216 0.0222565787279687
"Rv0004" -0.318374683326615 -0.438976745731459 0.00534749090616976 0.00358804796425356
"Rv0006" -0.29033309525367 -0.361055529931149 0.000458685137199324 0.0025257195920939
"Rv0009" -1.19468651855917 -0.592472690857127 3.42136233590602e-14 0.00441307348912313
"Rv0010c" -0.545310963579457 -0.523674010740541 1.86337894532599e-05 0.00311109575535075
"Rv0046c" 0.396542009373167 0.611662829167739 0.0107191679182718 0.00330188745961963
"Rv0049" 0.299244339329211 0.368294458988624 0.00354446683439931 0.0110738693091814
"Rv0060" 0.670549332882426 0.621595274742643 4.35805185501231e-08 0.00028197840194686
"Rv0062" -0.679769781936517 -0.588009492330186 2.94426310607298e-05 0.00629551362593302
"Rv0064" 1.34799435037238 1.28576795372974 9.18349500843498e-17 1.67991427099245e-08
"Rv0064A" 1.25205813715008 1.02006193852458 1.65978014711629e-10 0.000105300512764141
"Rv0065" 0.672295795890962 0.597723943990463 2.94426310607298e-05 0.00588635055423225
"Rv0073" -0.363134936283205 -0.380882864227753 0.000456808711211831 0.00850610069930175
"Rv0080" 0.63025220510216 1.64273790341227 0.0243452102461881 0.00116902836232329
"Rv0081" 0.741386305450115 0.582361647545604 0.000181440675107421 0.0232466462748031
"Rv0093c" 0.356027928836794 0.413490325762651 0.0155651818747897 0.0366408779814361
"Rv0094c" 0.571522234198254 0.594477247809701 4.19089254374465e-06 0.000541260023967316
"Rv0095c" 0.945034002872742 0.622835521800516 1.79583935258577e-05 0.0163133563920824
"Rv0101" -0.511062004595456 -0.508281837984593 0.000575084520100776 0.0120519295323895
"Rv0111" -1.14275065098619 -1.08458824598375 1.9297723807422e-20 3.03766845116373e-11
"Rv0115" 0.979851789108577 0.702674241161625 1.47639805932474e-06 0.00576588777349546
"Rv0116c" 0.669036727050631 0.684055650051715 7.24363046903932e-05 0.00273303296571514
"Rv0118c" 0.503926795048978 0.52292850128198 0.00176451982247617 0.0157092228494258
"Rv0120c" 0.464622579007558 0.504687045842419 0.000122620723499698 0.00293297508329039
"Rv0122" 0.824485073391989 0.781679643290846 0.000151109256114881 0.0069523728890629
"Rv0123" 0.851682712981092 0.575303289983364 2.52048426256336e-05 0.0264258225661368
"Rv0125" 0.23644527356963 0.301240497621546 0.0202421219956176 0.0400485884199423
"Rv0131c" 0.7130718738833 0.794932835795737 2.19330112815423e-09 2.8233122250453e-06
"Rv0132c" 0.852746064301988 0.80012123151683 1.51782980631619e-07 0.000327800886988413
"Rv0133" 0.400997857479945 0.400550977619156 0.00253598327090654 0.0280693533407593
"Rv0135c" 0.911742830203099 0.855716317503435 2.00220703956715e-18 7.12678919742973e-09
"Rv0136" 1.68357062765706 1.69083438658033 5.31215332722066e-44 3.98941153644313e-22
"Rv0139" -0.288357649237434 -0.31366219012535 0.0119332933441824 0.0474167977026001
"Rv0142" 0.584746704998203 0.514633214423595 0.00445692523865682 0.0449047961722566
"Rv0145" 0.682492489308795 0.623484141736553 1.43588651330285e-05 0.003349464636262
"Rv0146" 0.954649788092632 0.819219881703448 7.8031692312124e-06 0.0026653231928724
"Rv0147" 0.722748835816986 0.635354439896785 1.07403541880171e-08 0.000315119321291914
"Rv0148" 0.742021303750982 0.619464456756537 4.01357412310667e-09 0.000423179972061453
"Rv0153c" 0.419761438693758 0.40774541454068 5.79760298660847e-05 0.00554931459131973
"Rv0155" -0.640213329251187 -0.536804742113537 1.34200705847303e-06 0.00125888228359344
"Rv0157" -0.301666635418371 -0.312645985771944 0.000258294852535163 0.00711212723315321
"Rv0164" -0.432922325274495 -0.383441914303462 0.00103739363899817 0.0391493599408988
"Rv0165c" -0.996494228564624 -0.887256726201289 2.387350002106e-13 1.81280932054645e-06
"Rv0166" -0.99389853482438 -0.690520111430489 3.13053729703555e-09 0.00181457625735475
"Rv0175" -0.409292596702706 -0.444269720441271 2.1654068413281e-05 0.00115394808778039
"Rv0176" -0.660572475071121 -0.669761681430653 1.51281389744956e-09 9.39995965278923e-06
"Rv0177" -0.513739707308883 -0.619995526468278 3.34143100368572e-07 7.38852591890744e-06
"Rv0178" -0.588256081323134 -0.556742875825029 7.01540687362663e-07 0.000740357323985252
"Rv0181c" 0.533453351358969 0.512803971098172 2.5171722782495e-05 0.00321001499432696
"Rv0182c" 0.612784960447526 0.628451980457146 5.96855358474856e-08 6.56631502849759e-05
"Rv0183" -0.597680627499007 -0.479946798689236 1.96881152626363e-08 0.00116902836232329
"Rv0186" 3.16553707843406 3.24313541480238 9.99650499538777e-52 1.82862818279047e-27
"Rv0186A" 3.47592890919234 3.37479112339981 5.13333387637144e-68 1.87432757015711e-32
"Rv0188" 1.9602326611251 1.89084933569191 6.78784495326002e-22 8.8426766143833e-11
"Rv0189c" 1.31280974923369 1.19567730760309 1.07581597685964e-24 3.96489511443708e-11
"Rv0190" 1.47083229841753 1.2632912909164 7.22692934689251e-30 4.01187931720582e-12
"Rv0191" 0.591861529008357 0.545161077256297 9.00433251922913e-07 0.00112288830932249
"Rv0203" -0.877089341017129 -0.603792466083255 8.11325299810942e-08 0.00367299162733005
"Rv0204c" -0.483018128584041 -0.429418644305063 5.84650136696911e-08 0.000607181528348247
"Rv0208c" 0.548620938253407 0.628029927140977 2.32220667852259e-06 0.000103100144015323
"Rv0211" 1.63174007061473 1.60800410104636 2.72378870918221e-23 5.94094242619082e-12
"Rv0212c" 1.20989415257897 1.06824792020484 1.65879391490068e-23 7.70230154708318e-10
"Rv0214" -0.406013570481368 -0.406449600376422 0.00463519193934774 0.037439522112324
"Rv0218" -0.561931064784401 -0.579331081706456 1.22660895263406e-05 0.000657477129850578
"Rv0225" -0.686542075433326 -0.596555313250611 9.19152673859238e-10 7.7490501450292e-05
"Rv0226c" -0.947715547307584 -0.976318309614342 3.03929645983876e-10 5.93123327020093e-07
"Rv0227c" -0.571970023693754 -0.602142947745353 9.67573027979509e-06 0.000720527706728109
"Rv0232" 0.67194392182533 0.752023004401598 7.8545489962125e-05 0.00103635926080548
"Rv0233" 1.30714765574277 1.29925330620987 8.27951137415367e-14 1.11108833830916e-07
"Rv0236A" -0.974242792473623 -0.674278248684341 1.32659284962109e-09 0.00132012344278346
"Rv0237" -0.717361267985458 -0.61317446216775 2.33483405288609e-05 0.00588216633906913
"Rv0244c" 1.00322600186955 0.96718995040826 9.44852304470198e-11 6.18065425656198e-06
"Rv0251c" 0.946414946484351 0.848666105150163 1.54090884924929e-05 0.00270644385396159
"Rv0252" -0.305337553531981 -0.356482141038263 0.0079394765950135 0.0259070809663313
"Rv0258c" 0.811465475723044 0.882600982438635 9.21094312658133e-08 3.32130174528155e-05
"Rv0263c" -0.635685417205307 -0.568278586010383 5.5687819216615e-06 0.00319639928143214
"Rv0264c" -0.492241606354005 -0.451565753067722 0.000610820320505889 0.0215161306376041
"Rv0267" 0.410563976757026 0.40963105749607 0.00433152346665974 0.0402725603473263
"Rv0268c" 0.485493372571472 0.568632266226317 4.98365717683342e-05 0.000973363910059387
"Rv0271c" 0.422553572452152 0.371646751129785 0.00157587483901857 0.0489455456901032
"Rv0272c" 0.603406532941036 0.581793622240941 9.70596109745583e-10 3.29719535426982e-05
"Rv0273c" 0.852047730102586 0.842608792181761 2.26673968984092e-16 6.43936848399151e-09
"Rv0274" 1.02448837301757 0.941404834042555 1.01604148939543e-10 1.62873750539242e-05
"Rv0275c" 0.845812002030325 0.842643338066901 2.19026781166383e-07 0.000175273741517889
"Rv0276" 1.16211997597896 1.00677306254621 1.80559649878912e-16 3.48466938374107e-07
"Rv0281" 0.594074005915667 0.724617887731554 5.05421523141894e-05 0.000322709481662269
"Rv0282" 1.12937055426775 1.07863155273828 9.64551674740107e-11 7.15808502131752e-06
"Rv0283" 1.27830564099569 1.26590410975896 4.20857434962615e-10 7.12806023224595e-06
"Rv0284" 1.7734178771777 1.72097510988415 6.42973256842944e-17 9.68964040750104e-09
"Rv0285" 1.61709215930416 1.39820718505555 3.49479979836537e-09 0.000100464961473559
"Rv0286" 2.03988055505986 1.90608683668983 1.97046918877505e-16 5.03932274619062e-08
"Rv0287" 1.86662410288078 1.62237755245151 6.58901346846424e-15 1.01597031183119e-06
"Rv0288" 2.03375209125988 1.81860818017193 9.82992186859382e-22 1.45286884868518e-09
"Rv0289" 2.00415438610131 1.85643334963629 5.21161559432036e-24 4.41824984387129e-11
"Rv0290" 1.76563974043563 1.55856351197425 1.7137848359346e-14 1.01469106074525e-06
"Rv0291" 1.65508350496519 1.44071306237782 2.46750517876255e-12 7.55207019045352e-06
"Rv0292" 1.69013531952624 1.53574358288256 1.81471839228592e-38 1.1859560761283e-16
"Rv0293c" 0.566920456137322 0.549955375428965 5.23850596524855e-05 0.00432728795116288
"Rv0295c" -0.455837124052131 -0.417267476595534 0.00073259794376476 0.0245636223564383
"Rv0305c" 0.749093491399454 0.75294735010634 5.70433006161496e-09 2.46270021578553e-05
"Rv0306" 0.545822793510084 0.578775223332837 0.000692550274220147 0.00793535540704571
"Rv0311" 1.35973370946189 1.2017987025965 4.44780409448381e-11 1.6990639837616e-05
"Rv0314c" 0.476620896966547 0.468581711896524 2.84785607779132e-06 0.0013606110143267
"Rv0319" -0.415855318269168 -0.386990928757413 0.00543632736202633 0.0488794096536121
"Rv0327c" 0.876066989795977 0.611034479405778 1.89229688155071e-08 0.00222440244009145
"Rv0328" 0.650869854173157 0.536501052931424 2.16817926451342e-05 0.00983361532105608
"Rv0337c" -1.29263967320099 -1.28322554399061 1.71537924654013e-47 5.36141432573891e-25
"Rv0338c" -2.08936704212169 -2.07930389317116 1.83587829080311e-86 3.91799975932285e-44
"Rv0339c" -1.32519044844937 -1.14153450001489 2.01086023272617e-26 3.14595748956284e-11
"Rv0341" -1.09724973391716 -0.734592701396474 0.000352018815312552 0.0225454579440481
"Rv0343" -0.702814115271454 -0.626711491898864 1.19597338786114e-07 0.00057865789432196
"Rv0344c" -0.587009007083492 -0.56445491181016 0.00156011490503952 0.0157949630108374
"Rv0346c" -0.70464756400797 -0.605052157529204 1.20120859885208e-09 0.000199656485957129
"Rv0354c" 0.588769967481876 0.522159383303681 9.21068075989791e-07 0.00210263133154272
"Rv0355c" 0.691626400431139 0.695986528631112 1.44289497004598e-13 1.3502420996091e-07
"Rv0361" 0.501998238297391 0.414531894768544 5.74377250434721e-06 0.00944680368970187
"Rv0373c" 0.906986735434613 0.759473117270047 2.43129622358664e-11 5.74790397005872e-05
"Rv0375c" 0.638384222044455 0.638244665898941 0.00126195489911498 0.0122234782727603
"Rv0376c" 0.483243993011612 0.577921622526166 0.00042612708383581 0.00309529340322897
"Rv0380c" -0.53549201003045 -0.470769639283565 0.000697189053892355 0.0203042231468158
"Rv0393" -0.648021032984909 -0.487386416633314 0.00109434954287219 0.0486301083461094
"Rv0394c" -0.450830722113821 -0.456136577537162 0.000316641676388949 0.00711212723315321
"Rv0398c" 0.836899048915272 0.736074987150412 7.44084625409206e-10 0.00010985025975977
"Rv0399c" 0.516998485724001 0.382437062354338 2.29739523961043e-05 0.028368899574052
"Rv0402c" -0.351635920359537 -0.337418408944375 0.00368326764763255 0.0451937094562834
"Rv0410c" 0.658446851474575 0.69055189665998 0.000144434069062278 0.00289558484117601
"Rv0411c" 0.548097806448604 0.615330050791147 0.0044190311900228 0.0138346866768131
"Rv0412c" 0.454770109600475 0.506977004292754 0.00980103928362936 0.0280815065887396
"Rv0415" 1.46035013582687 1.54281125566475 4.94409216748094e-24 6.03887974109537e-14
"Rv0416" 1.98685325451785 1.7393519410331 2.47851716158299e-14 2.19446272691546e-06
"Rv0417" 2.08145594148869 2.17570791158308 5.19938669147298e-62 1.05839418074146e-33
"Rv0421c" 0.888256784389533 0.690469475809537 5.1587391567671e-10 0.000355290103710345
"Rv0422c" 1.38801611733366 1.28018661507933 1.0100684322827e-38 8.90652054295354e-18
"Rv0423c" 1.26924330958986 1.19049829710253 8.19763418092685e-21 4.77771699107237e-10
"Rv0429c" -0.875499541691533 -0.753658434431512 1.60806660650887e-08 0.000115154141285443
"Rv0430" -1.84302038732216 -1.43702174914519 7.54327558806564e-17 1.0886940459736e-06
"Rv0431" -1.1600666266106 -1.13494219741516 2.59319735362772e-20 2.62549153873623e-11
"Rv0432" -0.491516380134791 -0.483261080322403 2.5171722782495e-05 0.00296143702772255
"Rv0433" -0.417585458000107 -0.453506860895804 9.45771493221293e-05 0.00240847880029584
"Rv0435c" -0.678308712922481 -0.64774613102299 3.51294516574345e-07 0.000376183010704941
"Rv0436c" -0.598870373657503 -0.538313347308394 3.02135961460168e-08 0.000299683096109667
"Rv0439c" -0.508482130158926 -0.366360716379733 2.29174638146527e-05 0.0309399723210425
"Rv0446c" -0.449476477926654 -0.415900284704404 0.000233468057412815 0.0102020478049629
"Rv0449c" 1.76041121756822 1.43837357689061 8.58676246808574e-51 3.64789005740864e-18
"Rv0450c" 2.85684428673423 2.53333442184183 3.23667505166327e-142 2.23577575316068e-56
"Rv0451c" 3.35898305732588 2.9885753716785 7.86275849415509e-186 5.29210013098467e-75
"Rv0463" 0.511909546317347 0.44952855648799 0.000344111181284336 0.0191675909513042
"Rv0464c" 1.3334984270149 1.37935704917492 2.68606629050453e-28 1.06113239421499e-15
"Rv0465c" 2.04758054331549 2.20853399498236 1.49952276821287e-30 1.02298161287729e-17
"Rv0467" 2.50158641133704 2.74984047287492 4.96596580106057e-27 1.81966574798776e-16
"Rv0468" 1.32249481988301 1.43043805536191 4.21473108735906e-14 7.32665321152663e-09
"Rv0473" 0.444315083070962 0.331990079433479 2.42862202617169e-05 0.0324692766732535
"Rv0475" 0.535881859213058 0.505997976018673 0.00282318723297529 0.03150990620322
"Rv0476" 0.650871571882886 0.661598290671854 2.55441990592101e-07 0.000186521484409041
"Rv0477" 0.775664937665345 0.720157491685054 4.46641265606227e-16 1.35027239635285e-07
"Rv0478" 0.38666391466348 0.376106948517814 0.000298531285731997 0.0144228867616329
"Rv0481c" 1.17938667122584 1.22505269237253 5.69504538271518e-13 5.2428884831193e-08
"Rv0485" 1.5576860968719 1.41871544271469 6.02559408614046e-25 3.30090983080375e-11
"Rv0486" 0.6136669967467 0.526690563561256 1.2729896670062e-05 0.00652080891471553
"Rv0487" 0.595757329469496 0.544197347421627 1.05645473626077e-10 2.8306139451115e-05
"Rv0488" 0.574825486368447 0.468441794240251 0.00017993283641213 0.0193452640661638
"Rv0499" -0.511551006440764 -0.582941580403482 8.36476695885704e-05 0.000350034412328452
"Rv0500" -0.527827766298951 -0.483997950999113 5.98660262790385e-07 0.000588820889368174
"Rv0517" -0.408902924461942 -0.434627918912056 0.00160736704356116 0.0149987312636843
"Rv0518" -0.775988714764593 -0.720864261214317 7.92838199148131e-09 8.46334832097057e-05
"Rv0529" -0.479853667240059 -0.434658462929937 0.00198138636655748 0.0374715775293344
"Rv0541c" -0.553362239958854 -0.514817300852592 0.000304599778957879 0.0121321512793486
"Rv0544c" -0.795808840442758 -0.609573375107908 9.21068075989791e-07 0.0026689393664291
"Rv0545c" -0.740832647793748 -0.643684204171363 6.55965014794762e-08 0.000653189120441417
"Rv0549c" 0.647247858020889 0.637174665681316 6.63384338196855e-05 0.00393741605367484
"Rv0554" -0.568278760947038 -0.467020205153165 7.87846798016848e-05 0.0163457320922066
"Rv0556" -0.289082178979432 -0.316674380262175 0.0126904458337996 0.0455610342787287
"Rv0557" -0.414696106454313 -0.406203671590372 0.00102730079658795 0.0199813703134837
"Rv0560c" 1.06218026383722 0.737105373822919 6.22316426589381e-19 7.80222932660751e-06
"Rv0563" 0.76518941299663 0.585753779965383 9.60512468547919e-08 0.00301086823542772
"Rv0564c" 0.87355514409285 0.815321369898683 8.84506711556119e-11 1.24619803712381e-05
"Rv0571c" 0.687292095431507 0.494106123857562 3.92644433944502e-07 0.0104598579001779
"Rv0572c" 0.901769168127667 0.637424736905091 0.000163530142696507 0.0271852656461205
"Rv0573c" 0.804306264054576 0.639857176695623 1.5004226464592e-06 0.00510201839047795
"Rv0574c" 0.811284342366615 0.486200076350782 1.43095147072391e-07 0.0247602132915112
"Rv0576" 0.571643907662518 0.629251220775689 0.000105170670812129 0.00181578341658715
"Rv0577" 0.653219072517332 0.590275024721207 0.00059791683068982 0.0164315937148067
"Rv0579" 0.487524334458127 0.447600542043497 2.18697039166716e-07 0.00112288830932249
"Rv0583c" -0.369093363772559 -0.415196416359425 0.00405183976614438 0.0199813703134837
"Rv0584" -0.422799334105736 -0.374246892399912 0.00037432800975131 0.0248216775547016
"Rv0605" 1.01616163453602 1.03147727203074 1.68158661393147e-14 2.28152786418097e-08
"Rv0607" 1.23987573147928 1.26364890321619 1.03771864785673e-17 1.531475195328e-10
"Rv0611c" 0.389935819755646 0.402172742881977 0.00381892002813658 0.0336799163996043
"Rv0621" 0.287452712782192 0.445001817412625 0.0165259412088229 0.00621529629033323
"Rv0622" 0.829359957353309 0.767888473492547 6.05868227161292e-12 6.18065425656198e-06
"Rv0628c" 0.583951947192192 0.555579904239031 0.000133102186290025 0.00744924588998143
"Rv0631c" -0.59870259716301 -0.467758972297519 0.0013463835887114 0.0483033376566292
"Rv0634B" -0.628475323502268 -0.48135260444792 7.35835858656635e-05 0.0246527065153874
"Rv0635" -0.55428113690484 -0.726718177427982 1.02213334190991e-05 2.39526150962579e-05
"Rv0636" -0.45101434806372 -0.566642552007639 0.00215040435011262 0.00438061865521896
"Rv0637" -0.442237698501776 -0.459574262785778 0.00162962982549098 0.0171774187756215
"Rv0646c" -0.440541870823399 -0.411686966535325 0.00370888221079609 0.0431120284601499
"Rv0651" -0.557497633440277 -0.429876178751964 0.00051316929106149 0.047320896638075
"Rv0652" -0.720614090833567 -0.56113008006219 0.000235618369953131 0.0232072690066691
"Rv0653c" -0.604479088205791 -0.559731279931904 6.68905512916496e-05 0.00603731967372139
"Rv0654" 1.56529294465531 1.6221227799732 7.61521241926053e-45 9.24605717112674e-24
"Rv0655" -0.583873546771659 -0.558254074458968 0.000134560493003825 0.00711159136135764
"Rv0658c" -0.330900653837126 -0.397843990547762 0.00824538098822215 0.0198494868453635
"Rv0659c" -0.365866403093125 -0.365364444606874 0.00239969209848201 0.0334107597401356
"Rv0663" -0.340526110848503 -0.372141805554813 0.000522412060943132 0.0079179088090273
"Rv0668" -0.4458763336381 -0.549416739621418 5.44759847387471e-05 0.000377464165684582
"Rv0669c" -0.373192418111997 -0.447110878259729 0.0106136351361015 0.0234556993624083
"Rv0670" 0.699443332243575 0.571240149358352 1.07105602200051e-07 0.00188887452211542
"Rv0671" 0.886677805896312 0.816360189794343 1.74726382669254e-16 6.9360036815745e-08
"Rv0677c" -1.11080285817731 -0.93809897088477 4.77071873209472e-09 0.000189762417528219
"Rv0685" -0.372668159187442 -0.485774082486101 0.00194065462666785 0.00358478109850757
"Rv0698" -1.04248694766151 -1.07874822646736 1.8972372134922e-09 2.61644985893244e-06
"Rv0699" -1.48768440925186 -1.76287156141026 1.12724343776982e-05 1.68903261565006e-05
"Rv0700" -0.89548728513708 -0.936733830879627 2.37634505459323e-07 8.08649573006877e-05
"Rv0701" -1.09378741441716 -1.19404252883419 1.20120859885208e-09 2.12710864573892e-06
"Rv0702" -1.3447940089653 -1.34394901422679 5.14106549884792e-10 6.65268174738911e-06
"Rv0703" -1.30231195874834 -1.44549191133535 4.33805773541317e-11 2.10400269171215e-07
"Rv0704" -1.26776900253893 -1.39601569527248 6.72180453616998e-11 3.24619602271647e-07
"Rv0705" -0.948661274812631 -0.981840548392129 1.58721083066082e-06 0.000236828550503896
"Rv0706" -0.964289979943978 -0.977166446889803 4.63993004596317e-05 0.0015185695834528
"Rv0707" -0.826747239427833 -0.863337648539386 6.47503089517913e-05 0.00161065634968467
"Rv0708" -0.549146759153679 -0.631506026737898 0.0058399308442131 0.0140823627481767
"Rv0709" -0.381128689829076 -0.68222696470947 0.0186759186721995 0.00153779247799684
"Rv0710" -0.370409408866551 -0.61082481956482 0.0467616891424206 0.0110240058129655
"Rv0714" -0.482870346353059 -0.479295348947249 0.000869660450354132 0.0165476499433801
"Rv0715" -0.66510572459928 -0.670841572010249 8.58720936693199e-05 0.0031527453116
"Rv0716" -0.715774581233196 -0.89630737862324 1.04843741879443e-05 6.68358295428998e-05
"Rv0717" -0.888611452565309 -1.03690369892536 2.75525807429499e-05 0.000331426575764531
"Rv0718" -1.06666509713725 -1.12766393304856 4.11202382032027e-10 2.05084931481012e-06
"Rv0719" -0.753501604817043 -0.868885342414467 1.1778724339531e-06 4.93253701263172e-05
"Rv0720" -1.10587963223475 -1.20155825018671 7.64461205799419e-12 7.70923076925566e-08
"Rv0721" -0.581920488933606 -0.659413222870403 0.000820671294195566 0.00430495608794615
"Rv0722" -0.42103875920607 -0.522625175269811 0.0132583180705274 0.0187259743535954
"Rv0723" -0.25900714594166 -0.407979618010447 0.04674082126592 0.0209899435943955
"Rv0732" -0.484044123535485 -0.441212347810798 0.00067419170794002 0.0247602132915112
"Rv0733" -0.413081961545404 -0.493003342280915 0.00748743138833265 0.0171147377810071
"Rv0738" 0.574686224793039 0.498218942610302 0.0021765376833467 0.0403874919855112
"Rv0750" 0.440548027895339 0.432903100884206 0.00101085695122397 0.0232072690066691
"Rv0751c" 0.407761538411187 0.465373897723177 0.0125140921293728 0.0327344096936295
"Rv0752c" 0.669294922294727 0.709177633758618 0.000233842952332852 0.00338752276151618
"Rv0753c" 0.557183742455692 0.553311105273912 0.00873505474141074 0.0371552543519234
"Rv0754" 1.0999887034953 1.13240958106444 1.78437784085505e-09 9.72005699853891e-06
"Rv0758" 0.441883284768984 0.407416158501919 1.21680046650453e-05 0.00558754208843623
"Rv0762c" 0.987976911002001 0.988077500548464 2.6350875324526e-08 5.33136229695406e-05
"Rv0764c" 0.877435323946498 0.873822518439337 1.95462590571833e-07 0.000158240612985766
"Rv0765c" 1.08831851143781 0.986398682103711 2.76318022202931e-10 3.55879808142149e-05
"Rv0766c" 1.07710264386537 1.01702799010743 6.11525304986335e-08 0.000167108932416308
"Rv0767c" 0.916891751898541 1.17465310043237 4.87347801369257e-06 5.45824399344219e-05
"Rv0768" 0.522667699722334 0.539409035561724 0.00281644494512973 0.0207403590737947
"Rv0769" 1.15422965921429 1.11153283537933 1.11809717043365e-12 1.34272546629488e-06
"Rv0770" 1.34723142336752 1.22700541872545 3.70370289006853e-12 5.01321605470515e-06
"Rv0771" 1.13047232031442 1.07396506200917 1.9625777088531e-08 0.000138474609484702
"Rv0773c" -0.758557559090633 -0.722913454993 2.6035451844923e-08 6.97238162897198e-05
"Rv0774c" -0.503367572446237 -0.418714380185178 2.97142717972162e-06 0.00449446678915082
"Rv0776c" 0.450153587823138 0.439107460318423 0.000444719820563227 0.0135347728726787
"Rv0797" -0.404524592771923 -0.437208239623455 0.0110521663678336 0.0394243998829684
"Rv0803" -0.465098475357981 -0.426931415591097 0.000224256888509773 0.0155077865099408
"Rv0805" 0.826864786395356 0.84770284391342 9.64551674740107e-11 2.21456913313846e-06
"Rv0806c" 0.734228400190839 0.520223875437099 1.79768475872092e-07 0.00749917621665491
"Rv0815c" 0.381535509872332 0.571331580181534 0.0243950842731094 0.0105156508179283
"Rv0816c" 0.373300711584796 0.442950675565827 0.00884762428862084 0.0237741396634578
"Rv0823c" 1.26347837299597 1.22262726322488 1.45494170613493e-12 8.20925181703839e-07
"Rv0824c" 1.3150153774202 1.23717442394677 8.38520937864023e-19 3.3526810057699e-09
"Rv0825c" 1.49684429483579 1.74316945767461 3.06198488107608e-25 2.13701563662117e-16
"Rv0826" 0.635578919088598 0.566829180359028 0.000113666790400262 0.0122266868707156
"Rv0830" -0.359343545378185 -0.482981250863842 0.0195061549739276 0.0179406475172452
"Rv0831c" -0.508450527559279 -0.482284222490965 0.000387450559555107 0.0143842276775378
"Rv0836c" 0.593472352005752 0.547567017536696 2.94630426150436e-05 0.00711212723315321
"Rv0837c" 0.505040511106398 0.552002735941662 0.000164783253951877 0.0056109231038307
"Rv0840c" 0.776008567138994 0.732627929795095 1.43209907375788e-08 0.000135048242833367
"Rv0841" 0.758787323038818 0.41247816902438 2.84426290654124e-07 0.0493152899053041
"Rv0842" 0.606451026893115 0.441137137617465 6.22521222746958e-05 0.0347215144865413
"Rv0845" 0.56878109649602 0.51258216273422 5.05639567030725e-07 0.00131906302754621
"Rv0846c" 2.57888455544174 2.46435662845336 1.18182630293892e-46 2.36684304487321e-21
"Rv0847" 3.50391075577155 3.09572742373339 2.33852705430413e-27 3.30090983080375e-11
"Rv0848" 3.62606171175756 3.17136136979423 1.82778606921333e-31 1.58192849815035e-12
"Rv0849" 2.67881736136472 2.29201943016224 2.54604951760548e-27 9.3952930719483e-11
"Rv0851c" 0.342800854632103 0.411091748079651 0.013258772818789 0.0313625847570262
"Rv0860" 0.711651704389689 0.624689107231032 3.3454764419344e-05 0.00603712517952086
"Rv0866" -0.405061977237271 -0.490035722837548 0.0132464133496919 0.0193664115445459
"Rv0867c" -0.67037669912815 -0.721741068850016 9.9398702740997e-05 0.00179706531814247
"Rv0873" 0.532951264052625 0.448507645438864 8.61909755510917e-07 0.00394222312649442
"Rv0874c" 0.883898776537388 0.855096857250302 7.11939434031273e-10 1.54268297030124e-05
"Rv0877" 0.641020104551615 0.546008631319361 6.14057227379439e-10 0.000236828550503896
"Rv0882" -0.991918285784431 -0.683470804150466 2.96321193023385e-05 0.0140398806202264
"Rv0883c" -1.00200923395055 -0.866052250231941 4.52201558206912e-17 1.48798949294038e-07
"Rv0885" 1.61557677680829 1.78049354971845 7.28421564224495e-08 2.25433094074018e-05
"Rv0886" 1.65171231128222 1.833937792996 1.67171477742747e-08 9.08180644559393e-06
"Rv0887c" 1.30076962317656 1.21604314874544 6.81526985155791e-10 2.83887892573366e-05
"Rv0890c" -0.657899803461508 -0.590956167330779 6.66094375403638e-07 0.000697840016162461
"Rv0891c" -0.908740933706266 -1.07695573667412 7.78251325092775e-10 1.54904795134696e-08
"Rv0892" -0.650785504831882 -0.511495772001179 0.00102863077357241 0.0390258180019058
"Rv0893c" -0.570128128093348 -0.584984167493403 0.00091555602274241 0.00485023638105754
"Rv0894" -0.412084302683017 -0.490771220845816 0.00216257287082399 0.00425954515779584
"Rv0906" 0.46506793468067 0.416986443989141 0.000118652660748749 0.0146908115029587
"Rv0917" -0.409037485400082 -0.326726233868465 7.40535241930622e-05 0.0310539231648664
"Rv0920c" -0.464362958427986 -0.513993688653102 0.000484917563444574 0.0044666247375386
"Rv0925c" -0.506826990633956 -0.460628006026846 0.000258119444940413 0.0155890296400487
"Rv0928" -0.513607226977145 -0.519912873077415 0.0015917627406277 0.015920216490542
"Rv0939" 0.485897459043151 0.426022343222337 2.4038431883158e-05 0.00942740842430761
"Rv0940c" 0.677299429079323 0.588108717905756 1.09319287235487e-06 0.00218388866278189
"Rv0941c" 0.681799864903803 0.633173104681906 3.88647438515207e-08 0.000319188741317422
"Rv0942" 0.849481786457449 0.747059909548759 1.43126807053612e-08 0.000326454452444254
"Rv0945" -0.453023427669042 -0.352359295176846 0.000216439370470562 0.0357937188372297
"Rv0947c" -0.36674792700975 -0.425717116995706 0.027077235404708 0.0462316570596964
"Rv0948c" -0.864092522393019 -0.659388922725349 4.62682137380159e-11 0.000259891040832097
"Rv0954" -0.510901113394903 -0.376335038019001 3.92644433944502e-07 0.0110293159456376
"Rv0955" -0.647914023860934 -0.623579455404421 1.03440826357853e-08 7.04511872853652e-05
"Rv0957" -0.350580150997355 -0.322371969928322 0.000772816506230509 0.0308828753061242
"Rv0959" 0.496852892367585 0.466963607204092 6.35639528447795e-05 0.007218549493399
"Rv0967" 1.1105575381739 1.06361681908969 5.41781414728932e-15 1.47085980019599e-07
"Rv0968" 1.32763171621715 1.01556477379516 2.36482960312176e-10 0.000222469376099348
"Rv0969" 1.59798790257349 1.52384528619998 3.43873220550774e-16 3.24740990214798e-08
"Rv0970" 1.24668555951353 1.09592697736345 1.41562647562319e-11 1.31892187550627e-05
"Rv0975c" -0.708827355595119 -0.605679715205369 0.00170816670476959 0.0259046496354815
"Rv0978c" 2.15459248176213 2.28467016471443 4.46636513116371e-11 2.26387920203384e-06
"Rv0982" 0.538004723775701 0.356927590856986 1.34587537181175e-05 0.0466231260311424
"Rv0984" 0.493351674553185 0.348361222845672 4.66396815876049e-08 0.00951465098277035
"Rv0988" 0.724114662113191 0.497020635389994 5.67648545391178e-05 0.0337300877613951
"Rv0993" -0.868705272376796 -0.7905677853582 5.51858102234617e-19 2.82930831585646e-09
"Rv0994" -0.449955787712052 -0.375790470923463 0.000326431369924231 0.0347039584229709
"Rv0996" -0.79483207043031 -0.655152890489359 3.46509122457847e-06 0.00390734422323131
"Rv0997" -0.574151886615762 -0.690639347020619 3.10599511979135e-05 0.00020031828865134
"Rv0997a" -0.499337437266886 -0.587801318359625 0.00743883054936444 0.0153696480033424
"Rv1006" -0.299352551721326 -0.279587062318547 0.000685472773113535 0.0317916715706675
"Rv1007c" -0.394765273963377 -0.360125762946361 8.39828414304651e-05 0.0112272495303128
"Rv1013" 0.619753377363466 0.675048527402729 1.96251151438249e-05 0.000697840016162461
"Rv1015c" -0.681296219106553 -0.527247068942797 9.79615886414599e-07 0.00609992673686824
"Rv1019" 0.640231848562638 0.584658124225583 1.11251376088569e-05 0.00344794384794772
"Rv1023" -0.42517134050571 -0.453791354480736 0.000102058543003863 0.0025098910444869
"Rv1024" -0.520653369298942 -0.495040988479317 0.000678286491503401 0.0126745089297179
"Rv1026" -0.534668097840323 -0.471157222653874 0.000105170670812129 0.0103386058195051
"Rv1027c" 0.913253503304379 0.643933262172827 1.94138045284905e-10 0.00112288830932249
"Rv1028c" 0.561139920793794 0.507290158642064 1.06599877741744e-05 0.00449399287692184
"Rv1041c" 0.616944873128467 0.486476807999923 0.00125931252803719 0.0475369702607827
"Rv1043c" -0.511873924149154 -0.625541176837643 0.00156011490503952 0.00388826694635068
"Rv1049" 0.542209171597283 0.541723205337519 0.0103671848640313 0.0443142158009126
"Rv1056" 0.432032695199377 0.329015394913709 0.000169107026012516 0.0490640698772926
"Rv1057" 1.24548775860199 0.678146810339606 4.21224823871903e-08 0.0109721672166928
"Rv1065" 1.34494139182438 1.00678898096418 4.22237107969772e-12 8.52858352213745e-05
"Rv1066" 1.37179703070728 0.928727455895589 2.56288434887943e-06 0.00485401468031855
"Rv1074c" 0.321797180454417 0.306386251050471 0.000927864618001894 0.031519090362738
"Rv1082" 0.444283607973754 0.360812244684489 0.000478283439707006 0.0482550568837082
"Rv1083" 0.503702266763648 0.420004932537912 0.00023295438681815 0.0288805413329868
"Rv1085c" -0.541285123612358 -0.430838932915252 0.000550879542195307 0.0402725603473263
"Rv1094" 0.707262040139359 0.698111588194161 2.21202900784696e-06 0.000633049067069891
"Rv1096" -0.496799062306517 -0.422231273404093 9.30369316440012e-06 0.00875780923871332
"Rv1097c" -0.574076946425035 -0.569875930583916 6.89974506762348e-06 0.00117854391536133
"Rv1098c" -0.52199406641011 -0.48866945091617 3.27265147061306e-05 0.00485401468031855
"Rv1102c" 0.427999678822255 0.517911240477405 0.0017065364760634 0.00576603684127416
"Rv1111c" -0.764509182367592 -0.604656049696537 6.65285717575275e-15 1.18385135134489e-05
"Rv1118c" -0.320144310163333 -0.308752328478872 0.00388506623335075 0.0464331596264577
"Rv1129c" -1.39279589665013 -0.898485135564743 3.13547431102539e-08 0.00262992260647595
"Rv1132" -0.675967771334089 -0.367534796629067 6.22096743931295e-11 0.0156846138587559
"Rv1144" -0.579856903410416 -0.650249239553838 0.000198791331196698 0.00226037085649488
"Rv1146" 0.543628479464329 0.527992836204724 6.18269754306564e-07 0.000737730730249893
"Rv1147" 0.628650160211284 0.649610047386773 3.68965197562186e-05 0.00183380352121864
"Rv1148c" 1.40554444143032 1.41271593277225 2.7083757197383e-26 5.89317022817261e-14
"Rv1158c" -0.928681661931445 -0.559980142183917 3.75168996115566e-05 0.0347895211940314
"Rv1161" 0.66120652270669 0.577372901458038 2.58998248527023e-06 0.00296393161364741
"Rv1162" 0.524637051703577 0.480522472732129 3.68965197562186e-05 0.00711159136135764
"Rv1163" 0.424341533748779 0.485057528032926 0.0119332933441824 0.0290082961704708
"Rv1164" 0.659925840762069 0.583561199882065 0.00011090425693384 0.00995268963012704
"Rv1170" 0.452304664814741 0.462788868717383 0.000161799590291511 0.00634059844418795
"Rv1175c" -0.783686345075349 -0.718514921280452 6.83454858231673e-26 1.0160490954415e-11
"Rv1176c" -1.00654204420023 -0.811279284926646 3.33167526876788e-12 4.69050723661828e-05
"Rv1187" 0.630437991361151 0.68390356558864 0.000450741063223544 0.00393741605367484
"Rv1188" 0.719634666024435 0.674419999537084 9.4450637206966e-06 0.00153779247799684
"Rv1189" 0.567857600970185 0.600920923332444 0.00025575450339568 0.00257235136199656
"Rv1192" 0.646730980747462 0.70155820696289 1.59976221701547e-07 4.57835791144999e-05
"Rv1197" 0.946539698239714 0.642157769229815 2.79240306386702e-06 0.0108761302934047
"Rv1198" 1.10914926297 0.859358660097201 2.70635867084045e-09 0.000428059772405963
"Rv1199c" 1.09363083630271 0.722431728411953 2.22557966688e-08 0.00340727079690856
"Rv1201c" -0.580785401733376 -0.505948001067897 5.44877951139906e-08 0.000720527706728109
"Rv1202" -0.336297238107445 -0.273041136509075 0.000458864103568809 0.0469448060946953
"Rv1212c" -0.38748702779423 -0.355467211275771 0.00136104381444733 0.0402560549571878
"Rv1213" 0.471325126233661 0.409654575209437 4.98461563033291e-06 0.00582487283811941
"Rv1219c" 0.710581805277314 0.609267181612666 9.25642579274726e-07 0.00181505235352795
"Rv1220c" -0.949899695579484 -0.843849695143594 1.63486878025741e-08 0.000144886768380693
"Rv1222" 0.437529067050396 0.375469318145373 7.32511741501657e-05 0.0192131447884079
"Rv1223" 0.361920827197897 0.356246698112296 2.53505204010494e-05 0.00455895344106089
"Rv1233c" -0.537333142446562 -0.554101501048731 7.92838199148131e-09 1.03804650750019e-05
"Rv1235" 0.344934350506856 0.363533672016216 0.005649664110457 0.0394243998829684
"Rv1236" 0.484273110324833 0.420476507345915 0.000417301637841516 0.0282991694506698
"Rv1239c" 0.626772146108464 0.588446980428727 0.000383741851270783 0.0126232994129089
"Rv1251c" -0.802297368294927 -0.811271782331164 2.46495801924394e-07 0.000121523260704775
"Rv1252c" -1.06275079028887 -0.73993822858414 3.51579345002238e-09 0.00144749189075943
"Rv1257c" -0.674432367910423 -0.632322831543813 4.25676365154078e-14 5.72460058550204e-07
"Rv1258c" -2.5725065268077 -2.53837408101903 6.05630140083879e-54 5.64717209620326e-27
"Rv1260" -0.460862335647735 -0.498708813308944 6.38999153602178e-05 0.00147285768561862
"Rv1265" 1.98594462704237 1.79456775634816 9.5654673805772e-32 9.44605707017174e-14
"Rv1266c" 1.48239075835336 1.45616499377995 7.78160450054806e-38 1.04642964782483e-18
"Rv1271c" -0.593117948402885 -0.553602190620173 0.000249281147472277 0.00737950684198621
"Rv1272c" -0.362267151048815 -0.388275099965076 0.00418874198385031 0.0267287571897868
"Rv1282c" -0.411219431302044 -0.418076244192614 0.00538230291461522 0.0319840460811477
"Rv1283c" -0.386227144544998 -0.311737044397978 0.00049187078889957 0.0470690728726472
"Rv1284" 1.13529858164077 0.686724867271356 4.35505039550091e-06 0.0169139066681253
"Rv1290A" -0.686789957707694 -0.742130831566163 3.30689458939741e-05 0.000374436210815342
"Rv1290c" -0.397090701556132 -0.463599002235947 0.000703863406034441 0.00294939514246087
"Rv1297" -0.712781525799291 -0.599962599390724 9.88437170720994e-07 0.00270803612050698
"Rv1298" -0.59902685394296 -0.691589106927478 1.84052886021227e-07 1.53391774138816e-05
"Rv1301" -0.203770538445789 -0.291730723134857 0.0409900278478019 0.037114815665799
"Rv1318c" -0.527020196180485 -0.535252091167132 0.00418745552165743 0.0255056893365343
"Rv1327c" 0.415100800807612 0.34142559495286 0.000384538910178036 0.0443346575545243
"Rv1328" -0.491963439450478 -0.413299948302016 7.30061317344759e-07 0.00372520204195507
"Rv1337" 0.452727437340739 0.386155565533866 3.72857130770476e-05 0.0144340742771342
"Rv1339" 0.39304888907032 0.407954866362022 0.000255294896932708 0.00722837991774011
"Rv1341" 1.02507550356443 0.920567690104596 1.18010202674601e-22 2.25425288302669e-10
"Rv1342c" 3.44772153638653 3.36573125793653 2.12191385596537e-76 6.72026034457552e-35
"Rv1343c" 3.4738033366948 3.52280767431729 1.31283255851137e-150 6.12466595675153e-72
"Rv1344" 5.04429979746482 4.82089622264261 8.27764396237087e-90 4.10080974229417e-43
"Rv1345" 2.92019353059567 2.86165501164036 2.63027132865504e-99 7.06502297367595e-48
"Rv1346" 3.10838619045019 2.96958414848177 1.53603407889976e-82 1.04667302640947e-37
"Rv1347c" 2.47211989588029 2.22991295982296 1.45765239287611e-30 1.37198699062151e-12
"Rv1348" 3.56034351453822 3.23585608392488 1.86203532232062e-78 1.61431164614833e-32
"Rv1349" 3.74710298489587 3.55343078069048 4.90766862955813e-54 1.14305514082103e-24
"Rv1350" 1.20796482688686 1.17020105164273 7.48481876669898e-15 4.7494428671966e-08
"Rv1353c" 0.857972134101563 0.86759390600849 1.49325941390702e-08 2.46587186607995e-05
"Rv1354c" -0.32053094540676 -0.356736192123405 0.0034586620562998 0.0156430450371316
"Rv1360" -0.812877965542639 -0.815571515856293 1.70428128635565e-11 8.77638882662802e-07
"Rv1365c" 0.356756233341931 0.484239297587103 0.0167597531500628 0.0227260500439573
"Rv1374c" -0.650925979175039 -0.474141752938641 7.78652477130951e-05 0.0326063573800821
"Rv1375" 0.733893203599003 0.534937528222593 0.000268839271906155 0.0347215144865413
"Rv1376" 0.368235657390764 0.315457951604972 0.00040881529876783 0.0390258180019058
"Rv1379" -0.787388993358534 -0.664320571952521 1.03990035984828e-05 0.00472896635141569
"Rv1380" -0.563006265170825 -0.523274570176375 0.00696999325716739 0.0431120284601499
"Rv1393c" 0.868762076094873 0.796257248512856 4.91963495032731e-12 6.47006791691336e-06
"Rv1394c" 0.669337602428717 0.688250216510069 1.14809752867263e-10 3.22272373239197e-06
"Rv1397c" 0.586849926872238 0.541912556224292 1.23843836970031e-05 0.00372520204195507
"Rv1398c" 0.638777925641227 0.519486600755683 8.99287225426525e-06 0.00881183480473718
"Rv1406" 0.48690268294252 0.639182157974993 0.00279435064090855 0.00309529340322897
"Rv1412" 0.8471710826003 0.798619868246087 2.31396982475404e-14 3.48466938374107e-07
"Rv1427c" -0.573914849981473 -0.552790642240736 2.6283428033408e-09 2.17333275646684e-05
"Rv1437" -0.391127410427759 -0.423462094571873 0.00288355461467183 0.0195949717966528
"Rv1454c" 0.358141264433503 0.349968490398213 2.01089291027768e-05 0.00467126731632274
"Rv1455" 0.627895140453172 0.664173987251386 5.70241683455299e-05 0.00231785081941008
"Rv1460" 2.60393324170581 2.86398909641031 5.24872245769931e-25 1.94974818984196e-15
"Rv1461" 2.97403835500532 3.08235170103984 1.34156323804177e-97 1.64503852477058e-52
"Rv1462" 2.9232823736245 3.02344206331068 3.95006591426875e-60 1.9972518046326e-32
"Rv1463" 2.84666313779661 2.86971725676152 4.84381966465259e-51 3.23217377496959e-26
"Rv1464" 2.82862776681986 2.8675146507095 3.35480670852188e-56 3.39973934444561e-29
"Rv1465" 3.05221326985805 3.01437444565647 1.52560382878637e-75 3.0618107081943e-37
"Rv1466" 3.44327065075576 3.42710107203779 7.10785442744555e-53 1.38479871319646e-26
"Rv1467c" 1.36942488059394 1.26715026777785 3.21119547780312e-19 4.91297109733447e-09
"Rv1469" 0.342077453933197 0.497304866760682 0.00962755249477573 0.00463745856361559
"Rv1470" 0.345568080774051 0.518782282415308 0.036343554708517 0.021279059173382
"Rv1473" -0.647174018758766 -0.612562735423449 5.56501807767141e-06 0.00178182415587811
"Rv1473A" -0.589025721992937 -0.966629937838359 0.00257001041320006 0.000223190625642462
"Rv1474c" -0.714536689765013 -0.918785300020941 1.48964973489397e-10 8.75513568680007e-10
"Rv1475c" -0.736580704576636 -0.897432943629987 1.09727789641735e-11 3.78136364165101e-09
"Rv1477" -0.674599740458298 -0.525147903596032 3.00918230294119e-07 0.00413906665306213
"Rv1478" -0.591060727927842 -0.458748768408061 0.000123169448290697 0.0274493153847712
"Rv1481" -0.325798904725099 -0.374539097027077 0.00219527580981446 0.0128142801234592
"Rv1484" -0.527609687814764 -0.521629713232304 0.00010531695085639 0.00509461495199474
"Rv1485" -0.427954597012996 -0.54449012384514 2.89399637118185e-05 4.57835791144999e-05
"Rv1489" 0.481792564951242 0.408570477865058 1.70706515660662e-05 0.0107764499462514
"Rv1491c" -0.618501133462068 -0.556484563183138 1.4321914420854e-07 0.000709802735790224
"Rv1507c" -0.59707443858044 -0.480611053544027 1.41166844590215e-06 0.00337428812992259
"Rv1516c" -0.542492737578549 -0.460952908836692 0.00231436528690054 0.0476654525370416
"Rv1517" -0.934657567602773 -0.742027935327524 1.31502111559318e-06 0.00305944097285265
"Rv1519" 3.68994848629472 3.66818768088198 2.10435971149535e-48 2.10422576982762e-22
"Rv1520" 1.67935590961843 1.56310814107843 1.21440085969535e-19 3.71409544136655e-09
"Rv1522c" -0.58259449942336 -0.536473030060879 0.000187637906779855 0.0109968524267576
"Rv1523" -0.725906292938036 -0.717038056843294 6.16064951093971e-08 6.82670670765298e-05
"Rv1524" -0.697122640246215 -0.739108397433301 4.82529269512822e-08 1.0130169724545e-05
"Rv1525" -0.567255108568969 -0.492671115757118 3.18896523181847e-06 0.00206759170274773
"Rv1527c" -0.610965429190144 -0.444815083406983 0.000255153917616806 0.0466231260311424
"Rv1543" -0.424329607596861 -0.392520477254781 4.26845845931099e-06 0.00310465855807083
"Rv1544" -0.532829848273874 -0.531026879363144 8.24766137945243e-06 0.00134429600499352
"Rv1546" -0.479098180181535 -0.435120696119396 0.000151423219136678 0.0100091313131383
"Rv1550" -0.594665290368616 -0.538846171011502 2.55503367071765e-05 0.0039851248575927
"Rv1557" 1.71176749446387 1.46422361228575 6.85432378567911e-17 2.73394390983016e-07
"Rv1577c" 0.572210058803833 0.436942089274238 0.000457191308201857 0.04783375075914
"Rv1580c" -0.736603559951581 -0.710292327144282 0.000141785659611993 0.00429256804747994
"Rv1581c" -0.628620652594419 -0.454397473824889 0.000123544662766456 0.0351575653021419
"Rv1588c" 1.14469754468264 1.04430425194962 1.9796716945639e-11 4.99980385128148e-06
"Rv1592c" 1.04141726546109 1.2003114256278 1.31964551056981e-09 7.9100141819488e-07
"Rv1607" -0.303472546190279 -0.314146299812536 0.0053416830718982 0.0398352948721083
"Rv1609" -0.283253513735351 -0.271409540089226 0.00203320478923142 0.0431120284601499
"Rv1611" -0.417024221317793 -0.391019357330321 0.0013653156288259 0.0317330567688988
"Rv1612" -0.642763042104913 -0.66426935467588 6.73128803484781e-05 0.0021901757014061
"Rv1613" -0.756306701896141 -0.781893191228579 1.50246090512809e-05 0.000786287457951974
"Rv1614" -0.702296497574508 -0.761383915690984 1.85399178760307e-07 3.71013386926698e-05
"Rv1617" -0.36119308451613 -0.348162785355071 0.000383202600418057 0.0187217902150796
"Rv1618" -0.389237538417751 -0.422643502855428 0.0102966196004061 0.0401800289770416
"Rv1619" 0.680671069043057 0.526503708695304 3.12964119237643e-09 0.00132012344278346
"Rv1621c" 0.829857622960039 0.61836373162446 3.48990004412491e-05 0.0148440858768889
"Rv1622c" 1.40455494609035 1.22114057112556 1.9796716945639e-11 1.75568224810125e-05
"Rv1623c" 1.0454990153433 0.798446629625397 6.63374807696329e-09 0.000761704747175924
"Rv1625c" 0.71869988651442 0.557310518268796 4.68925884549958e-06 0.00849367153242992
"Rv1628c" 0.44549271268568 0.416450636845893 6.52342729409933e-07 0.00160440669931273
"Rv1630" -0.469416839673883 -0.397747591530302 1.62668039079207e-05 0.0116583702639012
"Rv1631" -0.97215755775846 -0.987365411734025 1.76657338623686e-14 2.4479038691044e-08
"Rv1632c" -0.932227847899237 -0.807704442063209 1.24510863011696e-08 0.00017115826822713
"Rv1633" 0.410324803743562 0.399588816375013 0.00273503602871998 0.0365545882202851
"Rv1635c" 0.648365971874742 0.670005526044963 4.96572239715492e-15 6.43936848399151e-09
"Rv1636" 0.375801178728926 0.381909556380863 0.00542778396528207 0.0447935643773783
"Rv1637c" 0.220580765406574 0.328310302292017 0.0378097596070374 0.0310206301582252
"Rv1638" 0.612939862488519 0.629181384636336 4.71244428349154e-09 2.02298097012289e-05
"Rv1638A" 0.41706882423375 0.438888480150586 0.00759716514892332 0.0402560549571878
"Rv1639c" 0.71856302585405 0.839127132398431 7.27754020832276e-12 1.50744187479949e-08
"Rv1642" -0.824899847194527 -0.558499641654316 4.08005647107486e-06 0.0164586337755429
"Rv1643" -0.586531086373183 -0.503840118925128 1.62668039079207e-05 0.0077454343734474
"Rv1644" -0.639511413159298 -0.538556092095607 0.00289951397808869 0.0418762891654303
"Rv1647" 0.424389365289941 0.414588538274803 8.58138030235926e-05 0.00770838693907103
"Rv1648" 0.319178691568134 0.349187432209073 0.00402001123421487 0.0246472183011039
"Rv1649" -0.361211279134433 -0.453023419497318 0.000732351339830345 0.00171989611962341
"Rv1650" -0.65359754887784 -0.662453701602169 2.45353036746393e-06 0.000456997011837379
"Rv1664" -0.543903614710441 -0.568384060909163 4.52998203503046e-07 7.91505452631369e-05
"Rv1670" 1.09119046966117 1.04671874225733 2.15085751871113e-07 0.00037527522956162
"Rv1671" 1.02876010630361 0.76065179262116 2.94426310607298e-05 0.0103277379031211
"Rv1677" -0.507214725390188 -0.448136058978739 9.6615034257869e-08 0.000638592536400243
"Rv1686c" 0.780117085575805 0.758811332314735 2.8446467725997e-05 0.00221592828736882
"Rv1687c" 0.454865213317762 0.551917906188652 0.00736475587136438 0.0130111662932542
"Rv1689" -0.629849052636273 -0.619546271576703 2.31586382376141e-05 0.0018710521367462
"Rv1695" -0.409620479766585 -0.43402510419795 0.00167591384973073 0.0145628741734478
"Rv1697" -1.27693697833142 -1.16245591096186 4.33805773541317e-11 1.02147932239654e-05
"Rv1698" -1.283759913151 -1.28296682107152 2.16253174606245e-24 2.58070624086085e-13
"Rv1700" -0.611001020912586 -0.683000418278952 1.75276608405523e-05 0.000383024840888398
"Rv1701" -0.616455972967403 -0.608749557901885 9.45771493221293e-05 0.00393741605367484
"Rv1706A" 2.04870577002938 1.7479940612077 1.01089557733058e-25 2.79166764550627e-10
"Rv1708" -0.782714827850302 -0.727853182917301 1.43892731078633e-08 0.000105383131512212
"Rv1709" -1.15944120724745 -1.23162783128751 6.74696823070865e-16 3.54311319228727e-10
"Rv1710" -0.580905736992631 -0.548118997224397 2.89504079583991e-06 0.00117469698722994
"Rv1711" -0.448255657909888 -0.571768847790074 0.000161855441478651 0.00026881682006481
"Rv1720c" 0.516590736378448 0.570407816293121 0.00972555902519291 0.0221393049688348
"Rv1725c" 0.602839483895261 0.517367160323181 1.22893672651474e-07 0.00159391094106007
"Rv1730c" -0.410229035381252 -0.469798620419221 0.001218233401026 0.0052816154417761
"Rv1751" -0.617902350343651 -0.582468524466743 1.16642469262388e-05 0.00240847880029584
"Rv1752" -0.705553071554048 -0.757287046628284 3.42191178613307e-06 3.41852401345579e-05
"Rv1760" 0.629586975990567 0.635523515439385 4.57806870331892e-09 3.81399228131686e-05
"Rv1765c" 0.845167291060809 0.785607094034292 8.71359860423793e-12 5.25335387452238e-06
"Rv1768" -0.769215250817827 -0.567047203826004 0.000186293304097631 0.0262354864412889
"Rv1772" 0.647893393949418 0.646044977622921 9.79615886414599e-07 0.000397826306069128
"Rv1782" 0.610048060474446 0.543291838060081 2.35309354723209e-07 0.00113953120591014
"Rv1783" 0.60280825903093 0.507569109188167 2.45104124306764e-05 0.0101101803177911
"Rv1810" 0.691962480699928 0.51317419715473 0.000116564674491665 0.0290973560785133
"Rv1812c" 1.30927967377611 1.26561966734147 1.26597542512651e-15 5.69851266153701e-08
"Rv1813c" 1.8407710828265 1.60045358076287 5.3609954915224e-11 2.46587186607995e-05
"Rv1814" 0.492116345629093 0.470762659760315 0.000756113978147715 0.0194341622970229
"Rv1832" 0.543289000953554 0.510986836687506 5.02835415953462e-06 0.00243764671739676
"Rv1833c" 0.885937187873478 0.87811513142792 3.89491702192779e-11 2.46963872106199e-06
"Rv1834" 0.793844579834999 0.628077511909712 1.06841364876988e-06 0.00447746709682316
"Rv1836c" -0.612632657315451 -0.617521089409916 4.33770758870206e-09 2.46270021578553e-05
"Rv1837c" -0.515918905276508 -0.499856669399366 1.33329187912939e-06 0.000993590520313584
"Rv1839c" 0.321269583532807 0.47343518144566 0.0476650273226043 0.026001492540783
"Rv1847" 3.08396391399108 3.12201890780961 7.08207498042003e-75 1.04667302640947e-37
"Rv1848" 2.39782098174687 2.35251280163798 1.34318660608786e-26 9.86310824823943e-14
"Rv1849" 1.8724592687581 1.7048315572867 3.5778492947493e-13 1.29229277482147e-06
"Rv1850" 0.840649772935804 0.658998325725754 6.66545432699651e-05 0.0120519295323895
"Rv1853" 0.905822730509155 0.712589506960753 1.08209371696117e-12 6.0726929839645e-05
"Rv1854c" 1.04448454721034 0.896734513557924 5.36017977503772e-15 1.41217486984006e-06
"Rv1857" -0.581755781505315 -0.547746339126929 8.52170933553098e-06 0.00177992329291941
"Rv1859" 0.283384879062194 0.339861174022418 0.0040125867115781 0.0163004991261588
"Rv1860" -0.496812734320929 -0.400296059585425 0.000178236199605582 0.0271239857547998
"Rv1861" 0.364427953308213 0.421087829242803 0.00471471540014521 0.0202775032428754
"Rv1869c" -0.430772238336037 -0.411401432572683 0.00402162541570504 0.0451513747323181
"Rv1873" 0.66096802258619 0.539302938673973 6.56520365519466e-05 0.0189558450617118
"Rv1875" 1.95921003672447 2.02027758948956 1.03215027810256e-32 2.4879453676024e-17
"Rv1876" 0.824285089426539 0.91936630867028 4.0677332151533e-11 1.91334415254661e-07
"Rv1877" 0.398507539243421 0.373499950908231 1.78068562018439e-05 0.00576588777349546
"Rv1883c" -0.763397024747618 -0.545745954266169 7.35264597590982e-06 0.0152705775547942
"Rv1886c" -0.969255886273063 -0.518083755234511 8.25411013888472e-07 0.0340336250014994
"Rv1890c" 0.36579388916312 0.459731541699119 0.0348148215474583 0.0426559786916871
"Rv1894c" 0.591247805017372 0.535118468257227 5.94360652007426e-05 0.00831031540773731
"Rv1897c" -0.445048178607035 -0.51837573690584 0.00402162541570504 0.0114044329601856
"Rv1901" -0.528072233707006 -0.42050929776236 4.85301657809967e-06 0.0108857300253905
"Rv1904" 0.439955799702891 0.584726078985079 1.62668039079207e-05 5.55394907585289e-05
"Rv1907c" 0.644141603872629 0.805004360190181 2.46495801924394e-07 3.0749718893867e-06
"Rv1908c" 0.895194154592132 0.874246785940384 2.09909927120703e-06 0.000538701907023384
"Rv1909c" 1.3049950385096 1.29358086513108 1.25509324897553e-28 3.14713026193069e-13
"Rv1911c" -0.420038107619744 -0.377509371700881 0.000839651092286761 0.0319840460811477
"Rv1932" -0.728952691421917 -0.635653350444531 5.35445780173406e-06 0.00286986106890171
"Rv1933c" -0.741320153473351 -0.705386480992111 3.03373055001414e-06 0.000638592536400243
"Rv1936" 0.91228472344021 0.958540332008911 4.33805773541317e-11 7.67441542708832e-07
"Rv1937" 0.371325115436439 0.372357834893489 0.00373225194515213 0.0383786016299021
"Rv1938" 0.542107367498096 0.495025191210789 0.000466697929385924 0.0115224906215498
"Rv1941" -0.46594163385594 -0.487102091939148 0.000194184056658046 0.00481063703069211
"Rv1945" 1.68648815155555 1.71586381809691 1.95917756350207e-22 3.42834109456773e-12
"Rv1946c" 0.649102647763996 0.548272836728107 3.3454764419344e-05 0.0102668491409474
"Rv1948c" 0.861827978296254 0.719291954480351 3.89891394262482e-10 0.000109237785643961
"Rv1954c" 1.27094232956721 1.15889387374789 4.42050363136413e-11 1.17807377862776e-05
"Rv1955" 1.307204259197 1.23115011820997 1.18422372588137e-13 1.170882112704e-06
"Rv1956" 1.19642579654186 1.1615273531325 2.20001165480098e-09 3.29893783042504e-05
"Rv1957" 0.852506214602217 0.692670610055622 2.58998248527023e-06 0.00412583270571552
"Rv1958c" 0.693213605703947 0.601500580235655 8.89006267535676e-05 0.0106488548031539
"Rv1963c" -0.30482185760456 -0.373034788925608 0.0263899198938429 0.0473390035526932
"Rv1965" 0.783494700894064 0.940991766419388 0.000349620084237226 0.00115966977566868
"Rv1966" 0.614237882864323 0.537285832715865 0.000897777546921712 0.0222724640926893
"Rv1967" 0.718896239788813 0.866324234715028 0.000311765719973401 0.000973363910059387
"Rv1977" 0.508039113846518 0.421694503208111 8.72754730011743e-06 0.0107764499462514
"Rv1981c" 0.508078104954532 0.434636216593651 0.000789317415700691 0.036607903090242
"Rv1985c" 0.734243590428859 0.49931192976032 2.26772545250662e-08 0.00687663207538494
"Rv1986" 1.5721545482771 1.4881433131694 2.65431546402502e-17 3.1471886415231e-08
"Rv1988" -1.01328257454889 -0.950990563306756 4.99655471191596e-16 4.30674009176642e-08
"Rv1989c" 0.434325067349657 0.48942818247487 0.000234268596545501 0.00485401468031855
"Rv1991A" 2.48768071371766 2.41302254520039 7.80090044486951e-30 4.43565426900568e-14
"Rv1991c" 0.936099567458441 0.809061774664235 3.27726044707141e-07 0.000891819419368288
"Rv1992c" 4.02981560222997 3.87929116491345 7.04602671404598e-78 2.64967464100226e-36
"Rv1993c" 4.51965409144128 4.12655159690632 1.81255525112906e-49 1.0996238838157e-20
"Rv1994c" 5.61828841984726 5.02332150164175 1.11773590568005e-95 1.74668757228736e-38
"Rv1995" 1.3627132913542 1.68014386357294 1.02911091758018e-16 5.41489433087608e-09
"Rv2001" -0.400146346627868 -0.488723758837833 0.0246366647169637 0.0349133277783391
"Rv2011c" 0.797290457533771 0.655123738654336 2.23319614077549e-08 0.000722845353922993
"Rv2015c" 1.26326623901283 1.35123535385001 2.02371049917357e-16 4.4076840342557e-10
"Rv2024c" 0.482441270282413 0.566045113158552 2.94426310607298e-05 0.000346611682922947
"Rv2025c" 1.25154974405089 1.21590644423684 1.46099562800373e-12 2.13487391884895e-06
"Rv2027c" 0.513085937006129 0.511553758424265 0.00849194828076653 0.0413002723337326
"Rv2049c" -0.622360094302051 -0.616910976770431 0.00022185096687353 0.0054591540493057
"Rv2059" 0.431584433005392 0.425869535778187 0.00263586108861748 0.0314227973461438
"Rv2060" -7.11098601079654 -6.74409565082978 1.82715676222985e-08 1.47085980019599e-07
"Rv2074" -1.10059047208938 -1.11038968132367 2.71191951709509e-21 6.37045777806891e-12
"Rv2075c" -0.424400764316704 -0.417816616713399 0.000349620084237226 0.0117474288069936
"Rv2076c" 0.844528348095414 0.615022811859266 7.49812872561301e-11 0.000896157166173723
"Rv2077c" 0.607766043483218 0.466238645219259 3.88978028658091e-06 0.0120519295323895
"Rv2088" -0.231795252954738 -0.295389411396459 0.0212500792838302 0.0359214025203933
"Rv2095c" -0.525171655783922 -0.469903438379969 0.000685472773113535 0.0232072690066691
"Rv2096c" -0.374208463995237 -0.388112095046699 0.00101800979812916 0.0152937713829437
"Rv2100" -0.380493107151273 -0.32846124088527 3.9416914228047e-05 0.0151300925077291
"Rv2101" -0.99923877160013 -0.906392634064558 5.35707206750922e-15 2.83218334874773e-07
"Rv2102" -0.460738918181552 -0.458377743818666 0.000525476430357634 0.011989327521468
"Rv2113" 0.698221586181732 0.686684083322 4.33525029609407e-12 2.15876525142215e-06
"Rv2114" 0.739667296465118 0.615699851035087 7.36690333798892e-10 0.00029351285241886
"Rv2118c" -0.712124428080312 -0.559534505882372 1.49909359788961e-10 0.000125974175513703
"Rv2120c" 0.511318190223305 0.426989931762077 0.000828338839881129 0.043232416872259
"Rv2121c" 3.25223008078276 3.04239595116818 1.68079279999782e-37 3.13679533055084e-16
"Rv2122c" 5.18160595322248 4.55867853479792 1.49143218940821e-52 8.95970233624361e-20
"Rv2123" 5.74017085364613 5.21111467696357 1.42959624159212e-97 8.10250616072877e-41
"Rv2127" -0.630705932951798 -0.552933976747108 5.56501807767141e-06 0.00389514405506139
"Rv2128" -0.582091726622458 -0.514030533322306 0.00370232490439623 0.0413002723337326
"Rv2132" 0.626564359000685 0.615088125107684 1.56854497870342e-07 0.000184233569021862
"Rv2133c" 0.60407849215376 0.610972202964343 9.80846034316604e-08 0.000118078729171729
"Rv2134c" 0.472816169007781 0.418510348051942 0.000139921574785531 0.0177593307463857
"Rv2135c" -0.576121474507855 -0.498489113287002 5.28056042500577e-05 0.00979511034268519
"Rv2136c" -0.464583841236388 -0.411443579286144 0.000273613785118761 0.0226172655643647
"Rv2139" -0.417118285845134 -0.366761346661454 0.00192257719698435 0.0499866009153385
"Rv2147c" -1.7817944013227 -1.79222063953496 1.88143503972066e-45 9.6606714367519e-24
"Rv2148c" -0.669989611950262 -0.723243667930764 1.25594056260072e-06 0.000114124562355974
"Rv2149c" -0.676679631441948 -0.636316416616044 1.08896137098482e-06 0.000786287457951974
"Rv2150c" -1.02779850661227 -1.04361253433885 7.08702578628426e-19 1.50936458203989e-10
"Rv2151c" -0.49098135188484 -0.44427818877134 0.000501132106730641 0.0227340509931094
"Rv2154c" -0.842973234633264 -0.71792907634979 7.12318783362458e-10 0.000135314456692749
"Rv2156c" 0.620576001106833 0.591614579024388 3.0754360403179e-05 0.00355373994290934
"Rv2157c" 0.581337451508262 0.535612240767846 0.00400174990837139 0.0361361741055194
"Rv2158c" 0.718405933853717 0.701633200023191 0.00200296868571726 0.0148790128019134
"Rv2159c" 0.752833975149527 0.82260952534159 0.000548663394630648 0.00375731802427138
"Rv2160c" 0.652490436100785 0.603398310944715 0.00280448377680615 0.0258969350441914
"Rv2163c" -0.489492521019434 -0.43167316911326 0.00256992587936985 0.048575158129181
"Rv2164c" -0.795952135640709 -0.589586274324361 8.94274827246178e-05 0.0204675212714308
"Rv2165c" -0.69580898023221 -0.582779608924308 3.70141033053777e-05 0.00944680368970187
"Rv2166c" -0.850034111948015 -0.645452114767969 8.58125820551303e-07 0.00451280015294549
"Rv2169c" 0.485289615882217 0.548029245480407 0.000268944078005997 0.00329447579765487
"Rv2182c" 0.532618773631607 0.437908047032619 0.000517294084638681 0.0375050178088443
"Rv2187" 0.364376843953122 0.416430493498635 0.00172470384695705 0.0118998766337693
"Rv2189c" -1.16676754509721 -1.11540819639289 5.45133550439891e-09 2.46587186607995e-05
"Rv2190c" -1.19751199212453 -1.05174749643564 6.17180268418177e-18 4.7494428671966e-08
"Rv2198c" -0.448253281898892 -0.446148802348847 0.000221853897607701 0.00867425890394971
"Rv2211c" -0.676201215198604 -0.577753842404801 4.31257546734202e-09 0.000331244619151052
"Rv2229c" -0.337164163913845 -0.464940212286728 0.0207662377643006 0.0118722231544631
"Rv2230c" -0.351917916625071 -0.3985399373805 0.0109776638553773 0.0308828753061242
"Rv2231c" -0.688776948146814 -0.686615654638544 2.37075639571362e-06 0.000249451417158894
"Rv2238c" -0.351988396250952 -0.385965514188202 0.000739474001587106 0.00680654192485346
"Rv2239c" -0.400648001367735 -0.400218970658533 0.00198255669231848 0.023704931067305
"Rv2240c" -0.591287642176264 -0.527927547791224 1.04247177728619e-06 0.00143938567580243
"Rv2245" 0.411044894534021 0.49512034696041 0.0128663447163697 0.0242308491624537
"Rv2246" 0.495457837121908 0.503373020692225 0.0131237064520956 0.0469012929587027
"Rv2257c" -0.39855779681375 -0.400183375712514 0.00223103411525758 0.0216064388845322
"Rv2258c" -0.490612190130329 -0.434481748603328 0.00122288902486316 0.0343162590949788
"Rv2259" -0.40426814191902 -0.43293645210499 0.00186676573430383 0.0154576750701817
"Rv2260" -0.278169769016929 -0.283278866814209 0.00402162541570504 0.0404397690779615
"Rv2271" -1.22982700815284 -0.943702422220092 1.02246025185912e-08 0.000431606686759211
"Rv2272" -0.822324352156741 -0.842422693134118 6.0147870140514e-07 7.41086465704265e-05
"Rv2273" -0.950348433551883 -0.873074779587583 0.000457191308201857 0.00321001499432696
"Rv2274A" -1.17438380924691 -1.11115496728159 1.56847175026714e-06 0.000138474609484702
"Rv2275" -1.39394147142321 -1.46280525905001 3.10838432855123e-14 1.80284101046989e-09
"Rv2276" -1.25555521606645 -1.30484354279007 8.49333771588649e-13 2.67832033051202e-08
"Rv2277c" -0.906864385955554 -1.05732171651191 2.45382397026513e-05 3.19530606645523e-05
"Rv2281" -0.360893786860174 -0.419780656108244 0.0160145027164553 0.0403874919855112
"Rv2290" -0.675479289283315 -0.637575109113134 3.20518056776429e-07 0.000405467365852581
"Rv2291" -0.407522076026696 -0.381620623190034 0.00059791683068982 0.0229066578007197
"Rv2294" -0.529669574999895 -0.464502950572261 0.000588089975577552 0.0260208656771318
"Rv2298" -0.341668159809527 -0.395730876870297 0.00194625849881779 0.00948498745623754
"Rv2303c" 0.925357172446546 0.874501383187293 5.14304741095196e-10 2.49814079323916e-05
"Rv2304c" 0.928910968382296 0.805216161137556 1.67264681970889e-08 0.000571124785791909
"Rv2307c" 0.658273487701623 0.634814129557414 1.24432594235129e-05 0.00201723478971842
"Rv2312" 0.313802369698262 0.404337413957167 0.0146413854657173 0.0255056893365343
"Rv2315c" -0.517233678619051 -0.50031995635499 1.25229298176885e-07 0.000272351610003299
"Rv2331" -0.849924059231704 -0.72215848998702 0.000200274753067765 0.00875780923871332
"Rv2333c" 0.366841981246349 0.332078597652441 0.00118449700719292 0.0428150440672682
"Rv2337c" 0.553901685606359 0.589606823816362 4.75341116994811e-06 0.000374719229706743
"Rv2338c" 0.444300847604398 0.576674623744492 0.00171148428377141 0.00233593012582566
"Rv2349c" -0.638152045192325 -0.624035393550787 4.07793864137452e-05 0.00273303296571514
"Rv2350c" -1.39896227306015 -1.29575635875105 1.69969222781821e-22 6.00752478087977e-11
"Rv2353c" -0.381814565184433 -0.476246460556971 0.0145526071921955 0.0201964625793281
"Rv2358" 0.728060847271142 0.631696444548148 1.37839958258035e-07 0.00102153347916534
"Rv2359" 0.786274390074541 0.609144241854637 7.30061317344759e-07 0.00444340958789117
"Rv2363" -0.534545534907114 -0.544111569213899 0.000347717070377088 0.00499023984569432
"Rv2377c" 3.57948707299471 3.16774831438209 4.85418476627401e-49 1.3144646780821e-21
"Rv2378c" 4.04851560570215 3.75002869354163 2.05720985817858e-88 3.15950821681119e-39
"Rv2379c" 4.48586824197575 4.25501590758363 4.48284094599303e-89 9.15114151543879e-41
"Rv2380c" 5.12682579677921 4.7852448645501 2.40977821308545e-80 9.79226768819777e-36
"Rv2381c" 6.31248785638218 5.60002962992552 1.15568252329038e-37 6.60876129928546e-16
"Rv2382c" 6.56127844314529 6.01784858744561 9.64724582398953e-50 3.61812739181838e-22
"Rv2383c" 6.51536345270149 6.09068349423519 7.28337490328391e-60 2.75095434953566e-27
"Rv2384" 4.1840525659795 3.87142345854778 3.9290598883196e-72 2.64758187222055e-32
"Rv2385" 3.77902431936664 3.54466756245292 3.07558817506758e-51 5.90855713226772e-23
"Rv2386c" 6.34740673825006 5.9133241758346 8.05071963531634e-83 2.61766303877195e-37
"Rv2403c" -0.401425371877828 -0.517483550797079 0.00280216642894596 0.00410284640925538
"Rv2410c" 0.525846979549378 0.396306913317447 1.03653607224563e-05 0.0211366589818375
"Rv2411c" 0.300186287583351 0.306080570329833 0.00354446683439931 0.0414898824373879
"Rv2415c" -0.682503345677604 -0.645564859226225 0.000438994728328545 0.00869379971580754
"Rv2416c" -1.59964780422891 -1.610083672543 4.42047851682092e-15 2.85495012681219e-08
"Rv2417c" -0.651720541795674 -0.581265474663841 9.1327456041867e-06 0.00272238406349855
"Rv2418c" -0.499482489021695 -0.578804988736464 0.000176060556391701 0.00124768104166308
"Rv2419c" -0.375930484005304 -0.483606734548424 0.0185714481558611 0.022526824032009
"Rv2420c" -0.425080966253732 -0.479870845027357 0.00962463900991028 0.0273551432484646
"Rv2427A" -0.792765283341395 -0.724989271773948 0.000787011828321577 0.0067777686969165
"Rv2430c" -0.905573530750809 -0.811029163442008 1.5748451428903e-06 0.00111980689496135
"Rv2431c" -0.769326172212753 -0.515837348609474 7.24641772252665e-06 0.0227137211672361
"Rv2435c" -0.51974150500969 -0.416250050244026 0.000229898113010055 0.0271239857547998
"Rv2436" -0.650054829048487 -0.55389313727503 2.30312876079026e-05 0.004846059319663
"Rv2440c" -0.508654575264405 -0.539643210575373 9.54003655707509e-05 0.00286986106890171
"Rv2441c" -0.438454464575357 -0.464760484930288 0.00609158993372094 0.0313936576076343
"Rv2442c" -0.596503741603293 -0.516154431548217 3.4720676044427e-05 0.00966302626774452
"Rv2452c" 0.773165525735298 0.506303634744835 2.8446467725997e-05 0.0312200357993861
"Rv2453c" 0.771493006216583 0.52450395148428 5.40056198997812e-05 0.0317330567688988
"Rv2454c" 0.843193917708128 0.652268466455666 1.34810689636851e-06 0.00449362405946862
"Rv2455c" 0.757889433031439 0.609181213905369 5.34379724085182e-07 0.00309529340322897
"Rv2459" 0.684634899234688 0.631134602138063 5.19953294992754e-09 0.000138474609484702
"Rv2460c" 0.87366650614877 0.839541621998029 1.27869431052638e-13 4.27465919040304e-07
"Rv2461c" 0.551080460844772 0.424227560940943 1.77510211266374e-05 0.0204675212714308
"Rv2472" -0.616004946896933 -0.590819184933751 2.13404887287226e-05 0.00253248583749931
"Rv2473" -0.352834653973374 -0.336492952436079 0.00279435064090855 0.0364125359778641
"Rv2482c" 0.5506028336704 0.47943986564445 0.000161833775479755 0.0171774187756215
"Rv2483c" 0.884721821497002 0.781797252529719 2.02432198037491e-10 4.73390178426076e-05
"Rv2484c" 0.650155442318382 0.61215541269159 2.3671736594962e-07 0.000507088104002556
"Rv2485c" -1.86842217378936 -0.982216540581628 2.00143506486261e-10 0.00275859766039707
"Rv2492" 0.649130418786807 0.543927268472014 0.000206045389169367 0.0152623881951348
"Rv2496c" 0.593409749738003 0.521973320933169 1.79261042844259e-05 0.00639127287471885
"Rv2497c" 0.65593554738529 0.545493453268232 2.41610823867412e-06 0.00453932607334316
"Rv2498c" 0.58520791573607 0.541811992022061 2.24320776700105e-06 0.00132012344278346
"Rv2499c" 0.687940368093471 0.596814343275253 8.90003758437073e-06 0.00373311747467605
"Rv2501c" 0.559025875967194 0.497357576175411 3.13756337405707e-05 0.00713047825288311
"Rv2502c" 0.4934570346143 0.519278953817518 0.00011708942005339 0.00307855183809616
"Rv2503c" 0.59733005708428 0.823749574247005 3.18052103329962e-08 2.85495012681219e-08
"Rv2504c" 0.484642804552486 0.550548940318186 3.01347388711672e-06 0.000128216248142341
"Rv2508c" -0.326389361138515 -0.399001629266607 0.00141389961828038 0.00310943079051498
"Rv2510c" -0.69321193396606 -0.668919695926435 2.24584151293348e-11 7.25290874563242e-07
"Rv2512c" 1.09363083630271 0.722431728411953 2.22557966688e-08 0.00340727079690856
"Rv2515c" 0.551759147404417 0.487924918896119 0.000611281820828082 0.023748351317486
"Rv2516c" 0.640631296175486 0.548164293761128 3.14110983656644e-05 0.0092008245218834
"Rv2517c" 0.53903717325727 0.444876812421238 0.000893746538401969 0.046447790700184
"Rv2519" -0.386489830675868 -0.298914963989638 2.72710868941557e-05 0.0307929659348687
"Rv2525c" -0.773633047082094 -0.594343103303268 8.4080543116893e-10 0.000590168517890948
"Rv2551c" -0.670571146130973 -0.552541546149018 0.00143823070468237 0.0310539231648664
"Rv2557" 1.7548600269018 1.78109731696514 2.74593103189885e-33 2.4879453676024e-17
"Rv2558" 1.49725159673033 1.51883212806949 2.12250368169609e-22 8.0236308499965e-12
"Rv2559c" 1.44616095911949 1.58958690861848 4.83362841498662e-26 1.88454395984653e-15
"Rv2564" -0.608901966940519 -0.498025746459221 0.00171160655338727 0.0414898824373879
"Rv2567" -0.391682606666925 -0.36235072057885 6.78489501543178e-05 0.00966302626774452
"Rv2570" 0.657541415690399 0.582882675799295 0.000264295727397684 0.0169480879758421
"Rv2572c" -0.527773970723 -0.552847862168297 2.02145023317568e-06 0.000349402543144904
"Rv2578c" 0.411640743480843 0.526155813906393 0.0163169579531707 0.0163365119248783
"Rv2587c" -0.401423199141708 -0.402983056018892 0.00031586254264477 0.0110293159456376
"Rv2589" -0.277439203800275 -0.31055046073865 0.00654044866447978 0.0331135423225859
"Rv2592c" -1.21497322202073 -1.03319563301579 8.63987555402464e-11 2.92579842817315e-05
"Rv2593c" -1.4266675701863 -1.22444072469016 5.35881736788755e-13 1.89274806902539e-06
"Rv2594c" -1.06548294676774 -0.91282523559516 6.84436157586631e-13 3.84254323498039e-06
"Rv2597" -0.617037060823571 -0.753785270702685 1.1932254133557e-09 1.01525082760327e-08
"Rv2599" -0.763251375342971 -0.714615437945173 6.41354520545044e-05 0.00177909167803464
"Rv2601" -0.579822962303556 -0.547857417962179 0.001365999264671 0.0177461980351215
"Rv2604c" -0.340153834310478 -0.346108837427877 0.003856165533538 0.0317728971011052
"Rv2609c" -0.399985556576449 -0.49567133398002 0.00587914128333032 0.0102556278624176
"Rv2615c" 1.26706429886887 0.895930242201029 5.74377250434721e-06 0.00515520666184967
"Rv2616" 4.18420971806155 4.25708112310795 1.03504367705717e-176 3.57668242534617e-85
"Rv2617c" 4.55582776576865 4.44049064675559 2.34015078391132e-254 2.22879272196671e-118
"Rv2618" 3.12383222583287 3.10545464304254 2.55511111688825e-102 2.18653742898341e-51
"Rv2619c" 3.53610341392088 3.5330511248305 7.06628266855021e-126 9.83109004569452e-62
"Rv2620c" 4.30457609883651 4.20567560521159 4.89328954906698e-110 3.91303182378088e-53
"Rv2621c" 4.17760186941538 4.17199922164157 5.78539432082662e-134 1.67044228618187e-67
"Rv2622" 3.58596221832675 3.74456045392149 5.62114251371914e-132 7.79934309154187e-69
"Rv2628" 0.907309035940635 0.690220981128535 1.49029404543008e-05 0.0091593524507831
"Rv2638" 1.05895048219778 0.88399341056176 5.25155214715968e-12 4.40575673497379e-05
"Rv2639c" 1.39880995796591 1.27609904112442 2.8685790201307e-21 1.88253041352358e-09
"Rv2640c" 1.79925081979036 1.51979427422799 1.78485508048358e-22 7.32665321152663e-09
"Rv2641" 3.01562484016208 2.86476788639992 3.91262856162129e-62 1.42433695259903e-27
"Rv2642" 2.22662307779671 1.85989616189466 1.63334850568653e-28 3.21065650693875e-10
"Rv2643" 1.48893506204808 1.23913648901583 1.82753035960346e-17 4.52480341428708e-07
"Rv2656c" -0.696014442349914 -0.542109201463971 1.70460919475538e-05 0.0118406075035621
"Rv2658c" 0.789390213124906 0.561700362414156 1.43234070778521e-05 0.0199527046651585
"Rv2659c" 0.476915612235096 0.495504220846709 0.00414955537410004 0.0271852656461205
"Rv2661c" 0.740623255451098 0.548250910452983 3.96129539535656e-05 0.0268630021129021
"Rv2662" 0.745063418421129 0.689443255539222 1.4816431899367e-05 0.00357824055980757
"Rv2663" 0.80091111743785 0.817625500011351 5.1033925578085e-07 0.000309141836275985
"Rv2664" 0.401559826088287 0.617397757095381 0.0132636848839749 0.00635710049414732
"Rv2680" -0.763206164341779 -0.748837821088236 8.77451059113095e-07 0.000359346892050502
"Rv2681" -0.795234670464828 -0.754859035858458 9.29911241647901e-12 2.2583927199058e-06
"Rv2688c" 0.317357253434 0.351632616597239 0.00741996141269978 0.0398581780871978
"Rv2693c" 0.638369181578061 0.511303671948255 1.5118303148892e-07 0.00319639928143214
"Rv2694c" 0.597047018674571 0.507777443713726 0.00191737228560599 0.0402560549571878
"Rv2698" 0.503775229635007 0.495500075519087 0.00216922138416409 0.0269430491280174
"Rv2705c" 0.965783944554497 0.681360224898114 7.46291940471669e-09 0.00278582891832892
"Rv2707" 0.58192310969738 0.464486534842392 8.35700774419351e-07 0.0059208858264039
"Rv2711" 0.334060386087038 0.326029506392288 0.00106924525727981 0.0288805413329868
"Rv2714" 0.479585268479785 0.466495634863181 8.27426191085007e-05 0.00656397838950841
"Rv2717c" 0.413699740329734 0.451442016547529 0.00186564315257398 0.0124480143570354
"Rv2718c" 0.3896237110619 0.508177146064803 0.00683353953768161 0.00902762784380302
"Rv2724c" -0.408182743668259 -0.528377612238707 0.000233842952332852 0.000569184637348106
"Rv2725c" -0.93842207341833 -0.99423182314348 2.33852705430413e-27 2.41476461626549e-16
"Rv2727c" 0.905706581723884 0.813235689185349 1.57820643975641e-11 6.65107161134388e-06
"Rv2728c" 1.3320522961055 1.45539434119533 8.39518831412361e-28 1.09377705174968e-17
"Rv2729c" 1.78156278536808 1.70039167154011 8.43688285444175e-35 1.50752000684702e-16
"Rv2731" 0.46476666192337 0.436589648037155 0.000896178772642898 0.0254998766102842
"Rv2734" 0.675761469872345 0.689657897468404 2.88059205912826e-06 0.000436098914595522
"Rv2735c" 0.41807502323282 0.414703274600066 0.000814136056388108 0.0148440858768889
"Rv2744c" 1.00342712845518 0.8003224225807 3.3836125193916e-09 0.000405467365852581
"Rv2745c" 0.713632606027738 0.479961180872093 0.000105779234723561 0.0443346575545243
"Rv2747" -0.459230627453646 -0.417610961136051 0.000669096880395526 0.0237252009849572
"Rv2748c" -0.9133897684911 -0.838758848604935 2.9107854379684e-13 1.55326248921751e-06
"Rv2749" -0.3545873180549 -0.424190599204843 0.00756599811577543 0.017675356557643
"Rv2761c" -0.498268258790071 -0.485894808974658 0.000345056175901362 0.00979511034268519
"Rv2762c" -0.627741739737993 -0.648844048160924 9.8122707519101e-05 0.001516109127081
"Rv2776c" 0.490060277692227 0.424282141694307 1.50746238938536e-05 0.00797640203243911
"Rv2780" 1.31663545623006 1.23770339240776 1.90549382389594e-15 1.00093549928261e-07
"Rv2781c" 1.31903471403069 1.2398064704298 2.35425715293311e-21 3.31939448943913e-10
"Rv2783c" -0.663447615060175 -0.632713360567954 6.51156377939617e-06 0.00170772922183989
"Rv2793c" -0.658504218707324 -0.634200085455396 1.51676901029217e-05 0.00189650218430917
"Rv2794c" -0.673067155504845 -0.590151996313367 4.72622951687611e-06 0.00269388806209361
"Rv2795c" -0.45639951107882 -0.365576805159226 1.21781958908252e-05 0.0147073396250638
"Rv2803" -0.436563754098348 -0.448590647017629 0.0101009525276205 0.0377467501127421
"Rv2818c" 1.06158582515536 0.937586066510167 3.45056685816104e-13 2.60962251827063e-06
"Rv2819c" 1.25772267675342 1.04578921446488 2.39913806402648e-10 7.06497561353971e-05
"Rv2820c" 1.01516722649786 0.882507182047494 4.04931460132229e-09 0.000137631457782981
"Rv2821c" 1.20323301462811 0.922399959856914 3.09984145328196e-09 0.000438371171675879
"Rv2822c" 1.61040598225303 1.82537302369839 4.98506867913367e-17 2.08293308608784e-11
"Rv2823c" 1.23691434493103 1.06559015864975 1.5302505354366e-19 1.84689213298275e-08
"Rv2824c" 0.66829234874926 0.521323468058036 9.16221440890552e-07 0.00436092541296723
"Rv2836c" -0.512835683325488 -0.489796612608548 0.00570468091517622 0.0403915511993897
"Rv2840c" -0.383251948512656 -0.354950399054223 0.00141191446690819 0.0393616368226726
"Rv2846c" 0.509323652195356 0.503818243206588 0.00716430331716545 0.0394243998829684
"Rv2856" -0.373918800429735 -0.35871041612116 0.0013463835887114 0.0232072690066691
"Rv2857c" -0.291272615801561 -0.363292862957788 0.0273885402454775 0.0380459500588105
"Rv2860c" -0.429199398635286 -0.434844734990987 0.000204899297328629 0.00603731967372139
"Rv2861c" -0.408628998965493 -0.500192770969793 4.87714615829876e-07 8.99253455138196e-06
"Rv2862c" 0.461461171306765 0.45570956875696 0.00248417603064314 0.0260306470616807
"Rv2863" -1.05804564751248 -0.950593887881341 1.29069020710106e-06 0.000350034412328452
"Rv2864c" -1.47430972451729 -1.29363965705145 2.13984088192797e-19 1.06175782069013e-08
"Rv2865" 0.459882059385268 0.471937331434723 0.000898704319389512 0.0151365307232301
"Rv2866" 0.913498400477719 0.759919516651857 1.83573114322635e-14 5.19198462478046e-06
"Rv2867c" 0.508765532696502 0.4345823621438 5.08172481593285e-07 0.0030971661441544
"Rv2869c" 0.628075928851511 0.643088834502884 5.02206480409003e-11 2.05677174953632e-06
"Rv2870c" 0.467138755635246 0.443766798731927 1.64225709252266e-06 0.00153779247799684
"Rv2884" 0.608187994506126 0.718488891247355 7.5302412594458e-11 7.26925675087887e-08
"Rv2885c" 1.15664370774143 1.26910439937736 8.83250408146551e-19 5.64748152305807e-12
"Rv2886c" 1.20269252498898 1.14456923853921 3.9322330810591e-11 3.234137625288e-06
"Rv2888c" -0.293910134770567 -0.363356912327884 0.0122579396560874 0.0279379699028468
"Rv2894c" -0.483637113203231 -0.393786007246368 0.000427198506201383 0.0362115802695648
"Rv2902c" -0.954851657268855 -1.00371583603586 1.84277120395476e-13 2.60826712940929e-08
"Rv2903c" -0.743383300974653 -0.713621794865847 2.36482960312176e-10 1.39745817395475e-05
"Rv2904c" -0.60541242839392 -0.546193828962167 1.71438592423486e-07 0.000860691584657539
"Rv2906c" -0.333207997255031 -0.38937185689585 0.0242423416719905 0.0474856861061705
"Rv2907c" -0.683332730930206 -0.704821669004062 1.46333208096279e-07 4.47388412290729e-05
"Rv2908c" -0.445707462431326 -0.471677688882091 0.00418502344554878 0.0242308491624537
"Rv2909c" -0.893394356647987 -0.835678667862439 2.65999182883842e-14 2.4760416879895e-07
"Rv2910c" 0.710280859547347 1.05339366347115 5.87555371989791e-05 7.92880954910584e-05
"Rv2917" -0.583062693142991 -0.59968591143642 0.00123352973157931 0.0074360910311691
"Rv2927c" -1.06772738976604 -1.05568756200615 2.04394034528694e-08 4.59138940266971e-05
"Rv2932" 0.847230148771012 0.502681527008872 3.14369027691105e-05 0.0455538565964791
"Rv2933" 1.0275067042696 0.704514901658868 1.23803169201504e-06 0.00696764124542019
"Rv2948c" -0.623968187653802 -0.684662473038545 0.000156619947593201 0.00206223519599024
"Rv2949c" -0.662865955686577 -0.66375294261398 3.96129539535656e-05 0.00226037085649488
"Rv2952" -0.729714729579384 -0.638610736611237 1.60371557427387e-08 0.000217195811461652
"Rv2953" -0.69837295511468 -0.648063780481844 6.64237986998731e-11 9.08180644559393e-06
"Rv2963" 2.49036012344404 2.07275984619613 3.27081875603494e-40 6.34360595278119e-15
"Rv2965c" -0.342327556999079 -0.359860968687509 0.0103872284798592 0.0466023854530303
"Rv2975c" 0.32654321690763 0.431656407082494 0.0190297704118782 0.0173497072120203
"Rv2976c" 0.314297880775282 0.418083996605838 0.0107135743496981 0.0129396248058957
"Rv2977c" 0.521307427813799 0.497456206524303 0.00694660071059399 0.0436207864684831
"Rv2978c" 1.13080205655938 1.3060622618397 6.74696823070865e-16 4.20271577077969e-11
"Rv2979c" 0.9955714516954 1.00113622346743 2.69548771552956e-13 1.08199283072897e-07
"Rv2991" 0.45948168323352 0.480330084388917 0.0010516208215574 0.0145972634975979
"Rv2992c" -0.674775567139077 -0.734005302972034 1.34411143516732e-14 3.18037940554986e-10
"Rv2993c" -0.525975000809267 -0.582293302170079 1.22768739036158e-06 7.56859950091189e-05
"Rv2997" -0.390478500103083 -0.401052976771176 0.00732443075209377 0.0402560549571878
"Rv3004" -0.602054726474831 -0.521847196800675 0.000352018815312552 0.0193452640661638
"Rv3005c" -0.886441043256908 -0.815163019343521 1.76507390130579e-10 2.14434083412223e-05
"Rv3007c" 0.629981001071594 0.484763325451889 3.25351968664925e-09 0.00137272512355595
"Rv3009c" 0.59169376923159 0.568244103092746 4.52048494998287e-07 0.000558369152605087
"Rv3010c" 0.786057172956085 0.611743524922267 2.15085751871113e-07 0.00303455153942081
"Rv3011c" -0.758803061000931 -0.70468197565333 2.73528948737431e-05 0.00273528002014
"Rv3012c" -0.601135904078846 -0.575086980723778 0.00277701979936451 0.020889519828998
"Rv3016" 1.31820940970645 1.29512830604583 6.62858828034855e-20 4.0409795804962e-10
"Rv3019c" -0.548551291792215 -0.795252151291397 0.0164693960806475 0.00564156319281292
"Rv3024c" -0.345410166883183 -0.284962711190177 0.000191359061296346 0.0338232144414256
"Rv3025c" -0.235366503162835 -0.236061320418007 0.00294616544858984 0.040647234545019
"Rv3029c" -0.582619841951371 -0.392853109074886 9.88437170720994e-07 0.0222389616739371
"Rv3030" 0.459862422127008 0.47312120765812 0.0011867467453667 0.012730405090599
"Rv3037c" 0.633856512680796 0.57525396572199 4.60509459317461e-06 0.00204675665761797
"Rv3038c" 0.968379368169152 0.924817728955652 8.97391700267459e-49 3.98086033692063e-24
"Rv3049c" 0.801496906630306 0.743482255066935 2.84546444074471e-05 0.00307855183809616
"Rv3058c" 0.311171707223507 0.418321460740391 0.00225692967406412 0.00392467415877012
"Rv3060c" -0.394796358832612 -0.424748166732011 0.00215856036751177 0.018295175777744
"Rv3061c" -0.304680449346615 -0.414038758516091 0.0269785269208659 0.0280815065887396
"Rv3064c" 0.496016291516545 0.461707893589884 0.000400703975269361 0.017630157402354
"Rv3065" 0.53400709869344 0.668176927674989 0.00332353088997499 0.00543984184400557
"Rv3080c" 0.743628903749561 0.69091030370692 1.15570438011108e-07 0.000355667421104554
"Rv3081" 0.525203113907791 0.468704714743806 0.000781267631529163 0.028368899574052
"Rv3086" 0.912175815232412 0.872576586462883 1.28829945869268e-16 1.83396059823847e-08
"Rv3087" 1.22223011699971 1.18322924713261 2.81526011156425e-12 1.01476395831369e-06
"Rv3088" 1.22930627289456 1.05126403920391 5.30090995943122e-12 1.38537861702182e-05
"Rv3089" 1.36763172016404 1.29961532270428 8.56320420701415e-19 2.44331991880676e-09
"Rv3095" 0.746695405420188 0.372374317285976 4.69592341272379e-09 0.0381985149727325
"Rv3098A" 0.984343219200495 0.928305415184205 1.58732210993988e-09 4.13089499713419e-05
"Rv3098c" 0.702600894267992 0.628718544549187 1.9625777088531e-08 0.000363640093053444
"Rv3100c" -0.334227590821261 -0.503805195985307 0.0462739627012013 0.0220985135225033
"Rv3106" -0.549736439788497 -0.554962745187322 2.8810937163626e-05 0.00168903570703021
"Rv3117" 0.381535509872332 0.571331580181534 0.0243950842731094 0.0105156508179283
"Rv3129" 0.964483254657921 1.02193859140892 0.0015623463721189 0.00722837991774011
"Rv3135" -0.795874225737512 -0.663706006438798 2.77255264608136e-05 0.00672746736993296
"Rv3138" 0.545776037276268 0.446235527617475 1.25644740610296e-05 0.0119385435505314
"Rv3139" 0.999453443458519 0.82548660586394 2.4985490189972e-06 0.00232287389657094
"Rv3140" 1.31085114508698 0.991046950156973 4.96214196540673e-09 0.000521906286959611
"Rv3145" -2.16740935828203 -2.11312248413738 1.57753259254213e-45 1.21288969744738e-24
"Rv3146" -1.65627561912938 -1.71282431402125 7.57128979803279e-39 9.24605717112674e-24
"Rv3147" -1.45402528761073 -1.43597079929268 8.55141786461297e-25 1.41996877270701e-13
"Rv3148" -1.75176652877435 -1.75373480191377 1.72675683513524e-30 1.78290873055121e-16
"Rv3149" -1.43125699502469 -1.34427582721242 9.16272400883438e-23 1.41253656926394e-11
"Rv3150" -1.12727228590493 -1.106319466058 5.64142042189593e-17 2.04696175027657e-09
"Rv3151" -0.963637158348739 -0.849164768716879 1.73845330129327e-08 0.000212974600052476
"Rv3152" -0.831244429371932 -0.789156634607297 1.73159405974624e-10 1.03372383405671e-05
"Rv3153" -0.680102838291822 -0.765142474356894 7.54330657683917e-08 7.91265664180464e-06
"Rv3154" -0.810596590244819 -0.811350222434736 3.00986379298858e-13 7.88551483674364e-08
"Rv3155" -0.831523976719097 -0.723335911896965 1.98579306341412e-05 0.0031141728612907
"Rv3156" -0.931413754688754 -0.914767651610981 6.64237986998731e-11 3.23292070277146e-06
"Rv3157" -0.835192898680898 -0.804174455406809 6.05641016075845e-10 1.44476865996916e-05
"Rv3158" -0.583125127697947 -0.559535472845049 7.86518217453437e-09 7.07781291562558e-05
"Rv3160c" 0.972763039143226 0.980696078681532 5.44945990870149e-09 2.02298097012289e-05
"Rv3161c" 1.31078549929895 1.2140846082385 1.31964551056981e-09 3.17788091362355e-05
"Rv3169" 0.570740279610717 0.508769565635986 0.000715895256614063 0.0258969350441914
"Rv3171c" -0.883047744613396 -0.843895793538065 5.21846051797221e-14 2.4760416879895e-07
"Rv3172c" 0.626559890391929 0.389774946091695 1.14554302368467e-06 0.0338407235242439
"Rv3176c" 0.822537821009787 0.717936195809688 8.82218204842971e-08 0.000521895720970865
"Rv3179" 0.536359001001644 0.565819651710241 4.16494194236326e-05 0.00198675822256065
"Rv3188" 0.599660879478386 0.764106206634789 0.00255611551815217 0.00471038699097614
"Rv3189" 0.683704100228497 0.726205965374833 3.13602139156379e-06 0.000380470054507423
"Rv3191c" 0.585080525251029 0.559584113054171 3.60641591210709e-05 0.00385658933776243
"Rv3197" 0.589077283706108 0.503265627581662 2.94813481802686e-07 0.00215074691171269
"Rv3197A" -0.509156658989271 -0.446704087300686 0.00030277485913378 0.0259584210243392
"Rv3200c" -0.369107524917729 -0.342971210468596 3.29842145881549e-05 0.00533438267522988
"Rv3201c" 0.838004535480754 1.03742782637795 2.77886860619232e-06 2.81298270436604e-05
"Rv3202c" 0.707928174056336 0.802634496179005 0.00105418696652319 0.00425954515779584
"Rv3209" -0.782753598657962 -0.719771755144031 5.32238552538024e-17 2.97459298567359e-08
"Rv3210c" -0.459486936280226 -0.465183293728878 0.000292864912967794 0.00705978463305091
"Rv3215" 0.336918896747574 0.378577939869207 0.00433885801291733 0.0232072690066691
"Rv3218" -0.465439179656671 -0.422015588739924 0.00268974352884293 0.0372914061963378
"Rv3219" 0.959913244369294 0.799267535942319 4.20829425395728e-13 1.42069461861165e-05
"Rv3224" -0.645108388484576 -0.533696989461439 2.8791130197566e-06 0.00463745856361559
"Rv3228" 1.40284993230632 1.1088179788484 6.17866954177274e-09 0.000336446650670187
"Rv3229c" 1.07908028094134 1.0085169181917 1.36007032145594e-15 9.6631883245856e-08
"Rv3230c" 1.77160802471539 1.76991707097284 7.22692934689251e-30 1.88454395984653e-15
"Rv3240c" 0.469741387740078 0.45928653488999 3.9416914228047e-05 0.00468717583235067
"Rv3241c" 0.852051932687094 0.846631068718785 2.51989075665396e-11 2.05677174953632e-06
"Rv3242c" 0.79196113070349 0.766198378968876 1.63417377976302e-06 0.000462418136183446
"Rv3255c" -0.198071057210413 -0.266229008945308 0.0386831381618102 0.0466231260311424
"Rv3257c" -0.430765219844214 -0.39638431814335 0.000303178623915732 0.0193452640661638
"Rv3258c" -0.884299721473442 -0.562884127856758 4.72977673276068e-06 0.0201964625793281
"Rv3259" 0.803728558884396 0.866022753051102 1.50246090512809e-05 0.000569638400513105
"Rv3267" -0.885399063449331 -0.795579218107994 4.82557210070185e-16 2.04761820470757e-07
"Rv3268" -0.518648114996833 -0.505985612968544 0.000206045389169367 0.00844584028447369
"Rv3269" 1.97733225511128 1.63671856643443 1.74726382669254e-16 8.20925181703839e-07
"Rv3270" 2.62740960484764 2.46393329996406 2.95316112922767e-30 7.1471401648112e-14
"Rv3271c" 2.47346173299564 2.34426644496308 4.0797913532173e-42 2.26675446707896e-19
"Rv3272" 0.729738987930889 0.667895952334815 7.91651662338542e-14 1.11297454777783e-06
"Rv3277" -0.60591684449602 -0.447210587539804 3.18052103329962e-08 0.00385658933776243
"Rv3280" -0.682482404084054 -0.550581737492225 7.5302412594458e-11 0.000195141406469309
"Rv3281" -0.380074721314883 -0.423887610927865 0.00631349423400562 0.0255056893365343
"Rv3282" -0.769718430714351 -0.834222002550095 1.21041847797915e-09 2.39541673082179e-07
"Rv3286c" 0.612109170294446 0.539071976551101 1.54150250343175e-08 0.000541260023967316
"Rv3287c" 0.728391676474341 0.558632198135188 6.79885939701022e-08 0.00339907474588753
"Rv3293" -0.685050307322557 -0.509708586226618 3.00072126748892e-05 0.0202590527717265
"Rv3294c" -0.558716517223432 -0.63581916224397 0.000144434069062278 0.000709802735790224
"Rv3295" -0.623115822323342 -0.561121259499675 7.33915301296169e-06 0.00329930244369159
"Rv3296" 0.432849193007426 0.474377506018116 0.0188401677373895 0.0469012929587027
"Rv3308" -0.741194713238846 -0.696488801193291 4.72622951687611e-06 0.000905620841051742
"Rv3312A" -0.660823010923023 -0.533637867380215 0.00139413284321862 0.03703755503172
"Rv3330" -1.61209052072517 -1.40943566507643 9.23631767336033e-16 2.44712178238999e-07
"Rv3331" -0.492508198426898 -0.391300560437865 0.000134641835447575 0.0273042755246617
"Rv3336c" -0.366736935439123 -0.371448678800163 0.00492659815859859 0.0404952610900498
"Rv3339c" -0.53487340509769 -0.556992247579816 8.88901649044732e-07 0.000222469376099348
"Rv3340" -0.844699151374065 -0.645699125558488 1.16519102132192e-06 0.00481405472240949
"Rv3341" -0.634834695946429 -0.517618262090909 0.000188023492934369 0.0222565787279687
"Rv3342" -0.658818217663002 -0.686626946585814 0.000227604859757045 0.00388524667463142
"Rv3352c" -0.618202480476272 -0.500797206538885 0.00580324479166987 0.0493152899053041
"Rv3358" 0.755877376542795 0.615436196399851 0.00122553838434404 0.0322695438784098
"Rv3366" -0.451254686324574 -0.500410263326551 0.0181201536930253 0.0347489287564748
"Rv3371" 0.46202666713174 0.507711559746207 0.00166741479378079 0.0118722231544631
"Rv3375" -0.677907063364089 -0.605695714395404 3.80032679091697e-05 0.00389514405506139
"Rv3377c" -0.308277974156073 -0.389781621285492 0.0103264974768029 0.0165032437212892
"Rv3389c" -0.340540120565397 -0.398427035955743 0.0243950842731094 0.0489455456901032
"Rv3392c" -0.459725989033806 -0.426920019605891 0.000181657152051496 0.00988886571076977
"Rv3393" -0.908272150078208 -0.717165475126031 1.92762082844408e-13 9.66204953143177e-06
"Rv3396c" -0.85687962332388 -0.791778613666846 5.32493206158538e-24 1.0160490954415e-11
"Rv3401" 0.44978897764771 0.444737169172269 0.00089382814163672 0.0177593307463857
"Rv3402c" 5.51382548955615 5.23389513817167 1.32233894830762e-115 3.09059539616259e-52
"Rv3403c" 3.57351041724746 3.39261940925488 1.87106180234742e-76 9.9542191060147e-35
"Rv3404c" 0.302977949964495 0.405971169506237 0.0157993111876241 0.0195508441225862
"Rv3406" 0.913281395453233 0.712402145944736 3.65439437340752e-08 0.00125420888374925
"Rv3412" 0.716112120862887 0.689743935782441 4.61901218133586e-09 5.62114984578514e-05
"Rv3413c" 0.478572400614987 0.54431025382962 2.51643139661079e-06 0.000148127432743563
"Rv3414c" -0.622313187580127 -0.443142925829154 1.80428262576017e-06 0.0152480353180939
"Rv3434c" -0.424313775862814 -0.406269737316481 0.00170693391042878 0.0270689787051469
"Rv3442c" -0.753130966641036 -0.596755524994376 2.34369759588356e-06 0.00524104212939548
"Rv3443c" -0.776447760387362 -0.606990110879915 3.33683346377591e-06 0.0062159965794526
"Rv3451" 0.231484994015828 0.377628020701833 0.0369009789248225 0.0157173196583062
"Rv3464" -0.394225585378586 -0.446218636082686 2.21950011216156e-05 0.000632286411861981
"Rv3465" -0.392228460693684 -0.402299568233894 0.00210435911604169 0.0219646043986264
"Rv3467" 0.571522234198254 0.594477247809701 4.19089254374465e-06 0.000541260023967316
"Rv3484" 0.848095057181309 0.766651793428229 9.23631767336033e-16 2.39066154865689e-07
"Rv3486" -0.491224950362553 -0.408370330374489 0.000239242630515863 0.0233827258352411
"Rv3501c" 0.682659285141187 0.673736547598605 2.83084206425899e-07 0.000371967155509296
"Rv3502c" 1.41874742937129 1.37075756418638 7.07490519304422e-20 1.06659286191549e-09
"Rv3503c" 1.58034403659097 1.38827879731179 1.2779835127386e-12 7.80222932660751e-06
"Rv3504" 0.641049216337556 0.668974637382806 2.90495454213961e-09 2.48317985774205e-05
"Rv3505" 0.553974198882441 0.472242551454867 0.000202762665684974 0.0240072645516246
"Rv3515c" 0.540499819726524 0.469156280402316 2.72710868941557e-05 0.0116583702639012
"Rv3517" 0.436342782493828 0.48782859057657 0.00725328899555192 0.0202590527717265
"Rv3518c" 0.450619888065795 0.489198295204607 3.71333342889191e-06 0.000350034412328452
"Rv3523" -0.674194150943925 -0.670337151158177 1.08896137098482e-06 0.000368631449304668
"Rv3524" -0.928118434684533 -0.825628143021156 6.98155632899478e-11 2.04852653265032e-05
"Rv3525c" -0.464203373679024 -0.494035503095128 0.00522585995718977 0.0182005097646291
"Rv3526" 0.529769397946214 0.496304635074376 3.17062105278933e-07 0.000963057015143684
"Rv3527" 0.646954511304588 0.521761535437691 0.000405646013280149 0.0290973560785133
"Rv3528c" 0.403785065911666 0.406572762271871 0.00463507598335072 0.0404397690779615
"Rv3529c" 0.85565270309327 0.750103267349197 2.55573035804242e-11 2.46587186607995e-05
"Rv3530c" 0.898280008116359 0.703858741499856 1.75251390227026e-11 0.000117100232187038
"Rv3531c" 0.36007158289454 0.431144024421785 0.000543074447250345 0.00354041600068461
"Rv3533c" 0.492395021132854 0.392743364467722 0.000430066223973895 0.0451747859901108
"Rv3534c" 0.686689790083611 0.613901982774058 9.57669264773802e-08 0.000662949024956949
"Rv3537" 0.612953488665994 0.630843329699873 3.51294516574345e-07 0.000190753968111646
"Rv3538" 0.68120863144795 0.5982684960488 5.70280533120126e-05 0.0081277667537826
"Rv3542c" 0.604274307407502 0.49653218891231 3.34136833327747e-06 0.00538304841239931
"Rv3543c" 0.70574966422231 0.655442647189769 1.56982996575757e-07 0.000391696957178351
"Rv3544c" 1.18353283130362 1.09803866652704 8.47176390005375e-19 5.9243510153503e-09
"Rv3545c" 0.838834770304212 0.695333618690707 6.33517294160897e-07 0.00213632060581513
"Rv3546" 0.458937670111032 0.423022789950201 0.00277701979936451 0.0455610342787287
"Rv3555c" 0.325574980375316 0.342107337475242 0.0100516729019231 0.048575158129181
"Rv3558" -0.346321061413027 -0.381428993414919 0.016246079864858 0.0493374793088752
"Rv3559c" -0.611107863826482 -0.746109690902791 0.00148607584420929 0.00182895020430122
"Rv3566A" 0.591266476894616 0.580563575528196 5.91990934608888e-05 0.00283595564332911
"Rv3567c" 0.934012234008355 0.790054931258851 1.37740358560726e-10 6.75741286050937e-05
"Rv3568c" 0.514900794604618 0.45361854668423 7.78781456047758e-05 0.0132564319038185
"Rv3572" 0.498953645911405 0.461288389633486 0.000146152195543298 0.0136469313144388
"Rv3573c" 0.756118927424025 0.793252597698912 3.45613413795461e-09 1.22797962826252e-05
"Rv3574" 0.60108800626177 0.455569035441595 7.7426161155704e-05 0.0298105977128348
"Rv3578" -0.534115980248138 -0.489678718047612 0.00538230291461522 0.042366456999139
"Rv3580c" 0.577940674327833 0.496588743425136 1.37882962089031e-05 0.00729229672762982
"Rv3581c" 0.516920467044269 0.480387407089957 3.69380805958206e-08 0.000383024840888398
"Rv3582c" 0.550328123319325 0.449846423925691 0.000116028901527463 0.0233173137539747
"Rv3587c" -0.87538993542265 -0.614629853573739 7.36690333798892e-10 0.00159202064692302
"Rv3589" -0.620549226504522 -0.487349596504402 7.89940863946192e-05 0.0183676022477804
"Rv3604c" -0.66166640126206 -0.568380468408273 8.27426191085007e-05 0.0105164414441489
"Rv3609c" 0.510101234291443 0.467984139969059 0.00307944788283395 0.0402560549571878
"Rv3610c" 0.648336710226632 0.586285987653132 1.62939698576279e-09 0.000118154941659146
"Rv3612c" 0.8353737284152 0.638265147844623 1.12571039575802e-06 0.00485401468031855
"Rv3614c" 0.844623452395293 0.579443080917654 0.000136294530109348 0.0299004305943188
"Rv3615c" 0.846974070371642 0.658256976079997 5.92731494773051e-05 0.0123989797032573
"Rv3616c" 0.748273368899729 0.659593941736768 1.28653316181299e-05 0.00385658933776243
"Rv3624c" -0.429002750000177 -0.38345576889277 0.000456808711211831 0.0257447367422729
"Rv3630" -0.44656639278577 -0.374516643803335 0.000741724116263883 0.0397038349234409
"Rv3633" 1.143755515915 1.29851392260766 9.85926951266007e-10 1.1133325971596e-06
"Rv3634c" 0.501233930360342 0.59187725319032 0.000165354262222166 0.00152045413326889
"Rv3644c" 0.440226411895256 0.561964092726633 0.000899268985970416 0.00180622154963705
"Rv3646c" -0.48972116017515 -0.508878164546213 9.64551674740107e-11 2.34132936452338e-06
"Rv3663c" 0.58941249141322 0.521139516422157 2.94630426150436e-05 0.00681142027673247
"Rv3671c" -0.440850039821862 -0.452145570635426 0.000166001487402705 0.00545972138152953
"Rv3672c" -0.455108001523793 -0.394173233647644 0.000265887794172992 0.0238792681779489
"Rv3673c" -0.45424997747355 -0.434639839912721 0.00498336087003648 0.0451747859901108
"Rv3675" 0.709966516099428 0.844482123014634 5.22293310030103e-07 2.12869393734167e-05
"Rv3678A" -0.324511749604863 -0.417302925623976 0.0414023225465342 0.0455538565964791
"Rv3678c" -0.273003161676487 -0.35064740025691 0.0296769876511536 0.0403874919855112
"Rv3733c" 0.688010515027555 0.636573597329103 1.79261042844259e-05 0.00338752276151618
"Rv3734c" 0.754073063855716 0.819940144988344 8.13993075565356e-07 0.000104904047340293
"Rv3735" 0.696346217675317 0.572600998149094 0.000299407897439035 0.02059754766486
"Rv3736" 0.489992516119088 0.411791245311627 2.80789847219656e-05 0.0150111153900401
"Rv3738c" -0.562823679158236 -0.510095672243857 1.93644617881796e-07 0.000400476541641602
"Rv3745c" 0.623624115727065 0.494383491810189 0.000442891635620885 0.0371552543519234
"Rv3759c" -0.380196139269239 -0.365690320863527 0.00200296868571726 0.0350211253522789
"Rv3774" -0.396193974734796 -0.395055041808185 0.00141314438468532 0.0221393049688348
"Rv3782" -0.354029469857784 -0.382238507207761 0.000910328771484347 0.0109533173773785
"Rv3783" -0.50038084953094 -0.523874135171382 1.20531566579353e-05 0.000857669791347645
"Rv3788" 0.374025041298991 0.516775256134347 0.0330953382807789 0.0266488283252632
"Rv3790" -0.552700771705018 -0.454555095570672 0.000285590436710916 0.0279877486147262
"Rv3794" -0.958909066077209 -1.05434678484372 5.34459819256365e-11 2.27307995749001e-07
"Rv3799c" 0.522617235517386 0.458621451058752 0.00012119796758942 0.0157231973504656
"Rv3800c" 0.360093452107066 0.418479962942161 0.00885706345996413 0.0274493153847712
"Rv3802c" 0.52390068187269 0.549371411519818 5.78521129390254e-06 0.000733689142031494
"Rv3806c" -0.402931883303378 -0.465160672210015 0.00418534309427552 0.0147283015068759
"Rv3807c" -0.732765653766093 -0.685267037389557 1.20531566579353e-05 0.00179411060026071
"Rv3808c" -0.528724207774214 -0.48661368177744 1.80585916961201e-08 0.000268218496859899
"Rv3810" -0.700736191013251 -0.40036349147784 8.11325299810942e-08 0.0317728971011052
"Rv3811" -1.44200669174852 -1.36865993648175 2.66687310606145e-30 1.57156346215314e-14
"Rv3827c" 0.522936373726372 0.623282943917245 3.29484128478614e-05 0.000299683096109667
"Rv3828c" 0.554617935005352 0.534805041465998 3.38478112242128e-05 0.00234947818997967
"Rv3837c" 0.400024493727704 0.333539568688342 2.11686243784863e-05 0.0165989270171693
"Rv3839" 5.69202754532724 5.34926184216985 2.42215642736649e-254 2.0273754159092e-111
"Rv3840" 2.3055073810942 2.23818946818962 1.11608941324181e-44 1.39778735156087e-20
"Rv3841" -6.32255826302076 -6.45314164641664 4.57388964379504e-203 8.19406819093455e-109
"Rv3842c" -3.19907129921329 -3.32017770214196 8.12854588082439e-103 9.31994047746573e-56
"Rv3845" -0.701189726107398 -0.695174649963445 7.38871718469599e-05 0.00193552561262027
"Rv3847" -0.722388784679586 -0.749852597277335 1.80585916961201e-08 2.43162297538519e-05
"Rv3848" -0.904201077090374 -0.855363838322747 1.19225084900709e-13 5.74975141367506e-07
"Rv3865" 0.615316248679912 0.574421683309697 5.41809957215454e-07 0.000855000071976717
"Rv3866" 0.603121002888689 0.588570295362667 4.1523586460546e-11 6.10678185390099e-06
"Rv3867" 0.563168368031069 0.549430443292826 5.99622213289836e-07 0.000563928420626737
"Rv3868" 0.497973882009965 0.456795662013516 7.5114437975881e-08 0.000650302998451961
"Rv3880c" 0.750234049724399 0.728562690536828 5.39433104169731e-23 1.65653138488629e-11
"Rv3881c" 0.612305347838215 0.541886947617331 1.50040639038348e-12 1.30305988739294e-05
"Rv3882c" -0.411982305261604 -0.422460453950902 0.000224256888509773 0.00706133700085397
"Rv3883c" -0.601976878685768 -0.479470644712763 5.70739157857166e-05 0.0188576069137614
"Rv3893c" -0.421226462221677 -0.575359494849726 0.0302247352677975 0.0179406475172452
"Rv3903c" -0.967002212452884 -0.888255979777216 1.28384480735552e-09 2.14169373417679e-05
"Rv3907c" -0.532104600253758 -0.499923268463371 1.78531458526495e-05 0.00330209553394239
"Rv3908" -0.610797767992392 -0.518566239367559 6.13565109292944e-08 0.000885165674987982
"Rv3909" -0.851531239271147 -0.791066187267854 2.94760092613571e-09 5.12101496983117e-05
"Rv3910" -0.305414861088207 -0.318195996306034 0.00486555645625878 0.0414704598015082
"Rv3916c" 0.556001723372379 0.417955252857231 5.48605128736707e-06 0.0175249146845084
"Rv3920c" -0.616771097883969 -0.771078001873471 2.32220667852259e-06 1.78419599114523e-05
"Rv3921c" -0.617968695939677 -0.73188148671816 3.09828352750408e-07 1.31892187550627e-05
"Rv3922c" -0.310238473103836 -0.407157127925881 0.0205169211405108 0.0270219312700143
"RVnc0010" -0.442967078185664 -0.480977390421981 0.0129438281339237 0.0314516563074485
"RVnc0036a" 1.97893267365732 1.80230069895264 2.33457503671571e-13 1.55326248921751e-06
"RVnc0040" -1.26692521387204 -0.660422834093368 8.22023445331877e-09 0.00700392014507488
"RVnc0046" 1.18830838447607 1.07066905489216 1.2665123479103e-07 0.000291764351397648
"Rvns01" 1.09823637071629 0.884908175726165 1.50303819162982e-05 0.00399971236162373
"Rvnt13" 0.390989186207564 0.700312687790139 0.0117376931481928 0.0040208698086135
