
SUMMARISING RUN PARAMETERS
==========================
Input filename: /home/george_a/Documentos/Mtb_UAM_unizar/Analysis/Outputs/2_Reports/raw_fastqc/7_1.fastq.gz
Trimming mode: paired-end
Trim Galore version: 0.6.7
Cutadapt version: 3.5
Python version: 3.10.6
Number of cores used for trimming: 7
Quality Phred score cutoff: 20
Quality encoding type selected: ASCII+33
Using Illumina adapter for trimming (count: 154670). Second best hit was smallRNA (count: 5)
Adapter sequence: 'AGATCGGAAGAGC' (Illumina TruSeq, Sanger iPCR; auto-detected)
Maximum trimming error rate: 0.1 (default)
Minimum required adapter overlap (stringency): 5 bp
Minimum required sequence length for both reads before a sequence pair gets removed: 20 bp
Removing Ns from the start and end of reads
Running FastQC on the data once trimming has completed
Output file will be GZIP compressed


This is cutadapt 3.5 with Python 3.10.6
Command line parameters: -j 7 -e 0.1 -q 20 -O 5 --trim-n -a AGATCGGAAGAGC /home/george_a/Documentos/Mtb_UAM_unizar/Analysis/Outputs/2_Reports/raw_fastqc/7_1.fastq.gz
Processing reads on 7 cores in single-end mode ...
Finished in 66.56 s (3 µs/read; 20.52 M reads/minute).

=== Summary ===

Total reads processed:              22,767,204
Reads with adapters:                 4,819,952 (21.2%)
Reads written (passing filters):    22,767,204 (100.0%)

Total basepairs processed: 3,437,847,804 bp
Quality-trimmed:               5,223,696 bp (0.2%)
Total written (filtered):  3,311,014,822 bp (96.3%)

=== Adapter 1 ===

Sequence: AGATCGGAAGAGC; Type: regular 3'; Length: 13; Trimmed: 4819952 times

Minimum overlap: 5
No. of allowed errors:
1-9 bp: 0; 10-13 bp: 1

Bases preceding removed adapters:
  A: 9.0%
  C: 46.9%
  G: 36.4%
  T: 7.7%
  none/other: 0.0%

Overview of removed sequences
length	count	expect	max.err	error counts
5	151887	22233.6	0	151887
6	151317	5558.4	0	151317
7	134890	1389.6	0	134890
8	160297	347.4	0	160297
9	137078	86.8	0	136533 545
10	134137	21.7	1	129119 5018
11	148785	5.4	1	140592 8193
12	140091	1.4	1	133817 6274
13	145207	0.3	1	138618 6589
14	128606	0.3	1	121171 7435
15	126276	0.3	1	119604 6672
16	120371	0.3	1	113601 6770
17	132074	0.3	1	123403 8671
18	125963	0.3	1	120926 5037
19	97797	0.3	1	93439 4358
20	106108	0.3	1	100816 5292
21	108120	0.3	1	102970 5150
22	115958	0.3	1	110578 5380
23	117231	0.3	1	111969 5262
24	111693	0.3	1	105023 6670
25	113545	0.3	1	108182 5363
26	97293	0.3	1	93574 3719
27	100739	0.3	1	96011 4728
28	96185	0.3	1	91528 4657
29	106799	0.3	1	101041 5758
30	97961	0.3	1	94435 3526
31	97483	0.3	1	93956 3527
32	90125	0.3	1	86614 3511
33	97740	0.3	1	92969 4771
34	93240	0.3	1	88793 4447
35	84849	0.3	1	82117 2732
36	100889	0.3	1	96326 4563
37	77987	0.3	1	74797 3190
38	72530	0.3	1	70136 2394
39	67640	0.3	1	64540 3100
40	57590	0.3	1	55094 2496
41	63268	0.3	1	60271 2997
42	55198	0.3	1	53112 2086
43	59452	0.3	1	56655 2797
44	47654	0.3	1	45525 2129
45	67669	0.3	1	65597 2072
46	12880	0.3	1	12164 716
47	30650	0.3	1	29579 1071
48	47765	0.3	1	45893 1872
49	42116	0.3	1	40586 1530
50	27359	0.3	1	26292 1067
51	37207	0.3	1	35516 1691
52	27445	0.3	1	26398 1047
53	19699	0.3	1	18994 705
54	23557	0.3	1	22539 1018
55	32666	0.3	1	31488 1178
56	21864	0.3	1	21074 790
57	18823	0.3	1	18239 584
58	18119	0.3	1	17538 581
59	18366	0.3	1	17624 742
60	5661	0.3	1	5422 239
61	5540	0.3	1	5297 243
62	18722	0.3	1	18218 504
63	7515	0.3	1	7250 265
64	5778	0.3	1	5601 177
65	4780	0.3	1	4557 223
66	14112	0.3	1	13747 365
67	3549	0.3	1	3411 138
68	5467	0.3	1	5313 154
69	1780	0.3	1	1701 79
70	691	0.3	1	644 47
71	638	0.3	1	595 43
72	1464	0.3	1	1410 54
73	2121	0.3	1	2058 63
74	2406	0.3	1	2332 74
75	1963	0.3	1	1892 71
76	1872	0.3	1	1803 69
77	1583	0.3	1	1515 68
78	1557	0.3	1	1481 76
79	1290	0.3	1	1236 54
80	1215	0.3	1	1167 48
81	1191	0.3	1	1139 52
82	1011	0.3	1	976 35
83	813	0.3	1	776 37
84	681	0.3	1	657 24
85	516	0.3	1	497 19
86	484	0.3	1	457 27
87	433	0.3	1	393 40
88	419	0.3	1	356 63
89	444	0.3	1	375 69
90	413	0.3	1	377 36
91	345	0.3	1	300 45
92	293	0.3	1	265 28
93	300	0.3	1	251 49
94	280	0.3	1	238 42
95	207	0.3	1	168 39
96	296	0.3	1	170 126
97	184	0.3	1	161 23
98	212	0.3	1	146 66
99	162	0.3	1	131 31
100	128	0.3	1	114 14
101	209	0.3	1	142 67
102	84	0.3	1	73 11
103	130	0.3	1	93 37
104	101	0.3	1	89 12
105	102	0.3	1	61 41
106	101	0.3	1	72 29
107	88	0.3	1	64 24
108	82	0.3	1	58 24
109	52	0.3	1	44 8
110	63	0.3	1	53 10
111	67	0.3	1	56 11
112	58	0.3	1	51 7
113	71	0.3	1	59 12
114	80	0.3	1	73 7
115	50	0.3	1	41 9
116	61	0.3	1	52 9
117	42	0.3	1	28 14
118	48	0.3	1	41 7
119	46	0.3	1	36 10
120	40	0.3	1	33 7
121	52	0.3	1	38 14
122	52	0.3	1	21 31
123	52	0.3	1	41 11
124	55	0.3	1	34 21
125	36	0.3	1	28 8
126	33	0.3	1	26 7
127	33	0.3	1	28 5
128	49	0.3	1	32 17
129	44	0.3	1	24 20
130	46	0.3	1	24 22
131	42	0.3	1	24 18
132	90	0.3	1	31 59
133	80	0.3	1	44 36
134	38	0.3	1	23 15
135	23	0.3	1	12 11
136	31	0.3	1	21 10
137	24	0.3	1	14 10
138	56	0.3	1	17 39
139	22	0.3	1	7 15
140	18	0.3	1	4 14
141	31	0.3	1	14 17
142	96	0.3	1	12 84
143	115	0.3	1	5 110
144	232	0.3	1	1 231
145	15	0.3	1	1 14
146	35	0.3	1	3 32
147	14	0.3	1	0 14
148	33	0.3	1	0 33
149	14	0.3	1	0 14
150	6	0.3	1	0 6
151	156	0.3	1	0 156

RUN STATISTICS FOR INPUT FILE: /home/george_a/Documentos/Mtb_UAM_unizar/Analysis/Outputs/2_Reports/raw_fastqc/7_1.fastq.gz
=============================================
22767204 sequences processed in total

